1.02492e-17
1.08589e-17
1.21314e-17
1.47153e-17
1.83415e-17
2.24644e-17
2.59562e-17
2.79056e-17
2.90276e-17
2.95098e-17
2.97655e-17
2.98643e-17
2.98916e-17
2.99133e-17
2.99244e-17
2.99367e-17
2.99568e-17
2.99724e-17
2.99628e-17
2.99607e-17
2.99454e-17
2.99291e-17
2.99154e-17
2.99009e-17
2.9874e-17
2.9805e-17
2.96241e-17
2.91936e-17
2.83763e-17
2.66718e-17
2.35391e-17
1.98229e-17
1.58107e-17
1.31897e-17
1.11511e-17
1.034e-17
1.04838e-17
1.16096e-17
1.39174e-17
1.68406e-17
2.12354e-17
2.45865e-17
2.73507e-17
2.86539e-17
2.93675e-17
2.97001e-17
2.98284e-17
2.98862e-17
2.9912e-17
2.99209e-17
2.99317e-17
2.99507e-17
2.99648e-17
2.99758e-17
2.99715e-17
2.99522e-17
2.99335e-17
2.99196e-17
2.99103e-17
2.98955e-17
2.98376e-17
2.9711e-17
2.94072e-17
2.87119e-17
2.73816e-17
2.50322e-17
2.12704e-17
1.69256e-17
1.38774e-17
1.16145e-17
1.05325e-17
1.07553e-17
1.11975e-17
1.27328e-17
1.52815e-17
1.85157e-17
2.29822e-17
2.60929e-17
2.79947e-17
2.90271e-17
2.95108e-17
2.97461e-17
2.98402e-17
2.9878e-17
2.98941e-17
2.99056e-17
2.99239e-17
2.99425e-17
2.99624e-17
2.9964e-17
2.9949e-17
2.993e-17
2.99104e-17
2.98973e-17
2.98842e-17
2.98584e-17
2.98012e-17
2.96142e-17
2.9245e-17
2.83565e-17
2.68571e-17
2.39777e-17
2.0064e-17
1.62598e-17
1.34505e-17
1.17542e-17
1.08635e-17
1.10154e-17
1.21236e-17
1.40378e-17
1.74555e-17
2.12196e-17
2.51994e-17
2.73531e-17
2.88203e-17
2.94166e-17
2.96834e-17
2.98069e-17
2.9869e-17
2.9887e-17
2.98975e-17
2.99153e-17
2.99325e-17
2.99527e-17
2.997e-17
2.99563e-17
2.99375e-17
2.99168e-17
2.99006e-17
2.98917e-17
2.98694e-17
2.98247e-17
2.97033e-17
2.94141e-17
2.88196e-17
2.75885e-17
2.51736e-17
2.1707e-17
1.79669e-17
1.45568e-17
1.22426e-17
1.10278e-17
1.20657e-17
1.29512e-17
1.42475e-17
1.66473e-17
2.04035e-17
2.408e-17
2.66622e-17
2.81268e-17
2.91535e-17
2.95829e-17
2.97497e-17
2.98209e-17
2.98585e-17
2.98702e-17
2.98855e-17
2.98991e-17
2.99196e-17
2.99438e-17
2.99453e-17
2.99302e-17
2.99045e-17
2.989e-17
2.98757e-17
2.9866e-17
2.98421e-17
2.97822e-17
2.96686e-17
2.93201e-17
2.85523e-17
2.73021e-17
2.49647e-17
2.1694e-17
1.7961e-17
1.52678e-17
1.32002e-17
1.23267e-17
1.23444e-17
1.3516e-17
1.59276e-17
1.89342e-17
2.29889e-17
2.59062e-17
2.77846e-17
2.89535e-17
2.94574e-17
2.96923e-17
2.98045e-17
2.98505e-17
2.98664e-17
2.98797e-17
2.98951e-17
2.99107e-17
2.99356e-17
2.99492e-17
2.99356e-17
2.99109e-17
2.98918e-17
2.98783e-17
2.98693e-17
2.98533e-17
2.98137e-17
2.97064e-17
2.94619e-17
2.89331e-17
2.79636e-17
2.60199e-17
2.28002e-17
1.90658e-17
1.61361e-17
1.36969e-17
1.25868e-17
1.49964e-17
1.52969e-17
1.69354e-17
1.91338e-17
2.22633e-17
2.53e-17
2.73498e-17
2.86502e-17
2.92159e-17
2.96217e-17
2.97595e-17
2.98197e-17
2.98413e-17
2.98532e-17
2.98621e-17
2.98801e-17
2.99012e-17
2.99228e-17
2.99291e-17
2.99111e-17
2.98861e-17
2.98709e-17
2.98574e-17
2.98484e-17
2.98299e-17
2.97864e-17
2.96866e-17
2.94414e-17
2.89522e-17
2.7896e-17
2.59541e-17
2.35773e-17
2.05381e-17
1.78217e-17
1.56817e-17
1.48389e-17
1.49198e-17
1.61153e-17
1.8342e-17
2.13346e-17
2.41029e-17
2.67322e-17
2.82317e-17
2.91159e-17
2.95335e-17
2.97166e-17
2.98025e-17
2.98353e-17
2.98502e-17
2.98589e-17
2.98737e-17
2.98917e-17
2.99177e-17
2.99368e-17
2.99191e-17
2.98928e-17
2.98758e-17
2.98607e-17
2.98475e-17
2.98395e-17
2.98053e-17
2.97269e-17
2.95519e-17
2.91265e-17
2.83723e-17
2.67739e-17
2.44171e-17
2.1355e-17
1.84326e-17
1.66672e-17
1.50912e-17
1.82693e-17
1.89021e-17
2.05038e-17
2.24169e-17
2.46911e-17
2.6693e-17
2.81906e-17
2.90356e-17
2.94324e-17
2.96681e-17
2.977e-17
2.98148e-17
2.98286e-17
2.984e-17
2.98488e-17
2.98638e-17
2.98853e-17
2.99102e-17
2.99158e-17
2.98933e-17
2.98729e-17
2.98548e-17
2.98421e-17
2.98325e-17
2.98242e-17
2.97926e-17
2.97168e-17
2.95193e-17
2.91166e-17
2.85181e-17
2.74866e-17
2.55662e-17
2.31328e-17
2.09239e-17
1.88475e-17
1.85562e-17
1.87003e-17
1.96201e-17
2.21872e-17
2.38416e-17
2.61354e-17
2.76234e-17
2.88036e-17
2.92874e-17
2.96061e-17
2.97461e-17
2.98031e-17
2.98247e-17
2.98366e-17
2.98432e-17
2.9859e-17
2.98803e-17
2.98981e-17
2.99208e-17
2.98993e-17
2.98814e-17
2.98603e-17
2.98473e-17
2.98373e-17
2.9829e-17
2.9801e-17
2.97539e-17
2.96211e-17
2.93365e-17
2.88277e-17
2.79466e-17
2.60481e-17
2.42419e-17
2.16655e-17
2.02495e-17
1.84654e-17
2.2673e-17
2.29869e-17
2.3706e-17
2.53046e-17
2.70064e-17
2.79527e-17
2.87406e-17
2.9264e-17
2.95799e-17
2.97274e-17
2.97835e-17
2.98126e-17
2.98232e-17
2.983e-17
2.98399e-17
2.98556e-17
2.9876e-17
2.98932e-17
2.99029e-17
2.98808e-17
2.98609e-17
2.9844e-17
2.98321e-17
2.98275e-17
2.98148e-17
2.97973e-17
2.97501e-17
2.96537e-17
2.94331e-17
2.89896e-17
2.82727e-17
2.72918e-17
2.58085e-17
2.45598e-17
2.33473e-17
2.27018e-17
2.25735e-17
2.34736e-17
2.50052e-17
2.62144e-17
2.74961e-17
2.86052e-17
2.91469e-17
2.95174e-17
2.96846e-17
2.97673e-17
2.98054e-17
2.98211e-17
2.9826e-17
2.98357e-17
2.9849e-17
2.98656e-17
2.98886e-17
2.99113e-17
2.98881e-17
2.98684e-17
2.98508e-17
2.98373e-17
2.9829e-17
2.98205e-17
2.98135e-17
2.97704e-17
2.96866e-17
2.94911e-17
2.91848e-17
2.85527e-17
2.77168e-17
2.62902e-17
2.47208e-17
2.35074e-17
2.23665e-17
2.57372e-17
2.5919e-17
2.67636e-17
2.74162e-17
2.81315e-17
2.87881e-17
2.92184e-17
2.95473e-17
2.96732e-17
2.9763e-17
2.97975e-17
2.98133e-17
2.98178e-17
2.98237e-17
2.98299e-17
2.98411e-17
2.98555e-17
2.98801e-17
2.98811e-17
2.98636e-17
2.98472e-17
2.98359e-17
2.98233e-17
2.98196e-17
2.98146e-17
2.98003e-17
2.97797e-17
2.97151e-17
2.96022e-17
2.93644e-17
2.89593e-17
2.83894e-17
2.77163e-17
2.68219e-17
2.63515e-17
2.57501e-17
2.55697e-17
2.62445e-17
2.7056e-17
2.78016e-17
2.85646e-17
2.90587e-17
2.94528e-17
2.96298e-17
2.97437e-17
2.9788e-17
2.98105e-17
2.98161e-17
2.98193e-17
2.98276e-17
2.98373e-17
2.98527e-17
2.98704e-17
2.98884e-17
2.98679e-17
2.98525e-17
2.9836e-17
2.98273e-17
2.98203e-17
2.98159e-17
2.98101e-17
2.97905e-17
2.97429e-17
2.96369e-17
2.94558e-17
2.91066e-17
2.86511e-17
2.79699e-17
2.72834e-17
2.65054e-17
2.58672e-17
2.78074e-17
2.80464e-17
2.82274e-17
2.85317e-17
2.90087e-17
2.93048e-17
2.95187e-17
2.9663e-17
2.97381e-17
2.97854e-17
2.9802e-17
2.98084e-17
2.98074e-17
2.98006e-17
2.98044e-17
2.97983e-17
2.98118e-17
2.98232e-17
2.98316e-17
2.98116e-17
2.98045e-17
2.98038e-17
2.98032e-17
2.98064e-17
2.9809e-17
2.98054e-17
2.97964e-17
2.97689e-17
2.97028e-17
2.96106e-17
2.93805e-17
2.91451e-17
2.87695e-17
2.8335e-17
2.81685e-17
2.78895e-17
2.80465e-17
2.82798e-17
2.85541e-17
2.88536e-17
2.9221e-17
2.94664e-17
2.96243e-17
2.97129e-17
2.97745e-17
2.97972e-17
2.98062e-17
2.98094e-17
2.98034e-17
2.98029e-17
2.98041e-17
2.98076e-17
2.98187e-17
2.98384e-17
2.98268e-17
2.98107e-17
2.98084e-17
2.98086e-17
2.98083e-17
2.98115e-17
2.98078e-17
2.98019e-17
2.97766e-17
2.97221e-17
2.96386e-17
2.94578e-17
2.92256e-17
2.88833e-17
2.8543e-17
2.82567e-17
2.79146e-17
2.89972e-17
2.90244e-17
2.91407e-17
2.93343e-17
2.9444e-17
2.96004e-17
2.96772e-17
2.97431e-17
2.97811e-17
2.97989e-17
2.98023e-17
2.97963e-17
2.97835e-17
2.97577e-17
2.9749e-17
2.97247e-17
2.97062e-17
2.97124e-17
2.97011e-17
2.96957e-17
2.97221e-17
2.97171e-17
2.97574e-17
2.97819e-17
2.97951e-17
2.97995e-17
2.97994e-17
2.97901e-17
2.97577e-17
2.97038e-17
2.96196e-17
2.95047e-17
2.93185e-17
2.91514e-17
2.90928e-17
2.89599e-17
2.90641e-17
2.91019e-17
2.92318e-17
2.94017e-17
2.95525e-17
2.96514e-17
2.97146e-17
2.97673e-17
2.97919e-17
2.98016e-17
2.98001e-17
2.97909e-17
2.97743e-17
2.97535e-17
2.97256e-17
2.971e-17
2.96799e-17
2.97071e-17
2.96928e-17
2.96996e-17
2.97255e-17
2.97463e-17
2.97699e-17
2.97886e-17
2.97985e-17
2.98007e-17
2.97958e-17
2.97759e-17
2.97269e-17
2.96377e-17
2.95559e-17
2.94366e-17
2.92762e-17
2.90805e-17
2.90676e-17
2.95215e-17
2.95421e-17
2.9579e-17
2.9637e-17
2.96721e-17
2.97298e-17
2.97582e-17
2.9787e-17
2.97979e-17
2.97994e-17
2.97877e-17
2.97607e-17
2.97288e-17
2.96648e-17
2.96033e-17
2.9533e-17
2.94322e-17
2.93535e-17
2.93857e-17
2.94309e-17
2.94656e-17
2.95329e-17
2.96315e-17
2.97098e-17
2.97557e-17
2.97821e-17
2.9795e-17
2.97998e-17
2.9791e-17
2.9768e-17
2.97425e-17
2.97021e-17
2.96363e-17
2.95825e-17
2.95602e-17
2.95138e-17
2.95024e-17
2.95005e-17
2.95902e-17
2.96549e-17
2.97025e-17
2.97538e-17
2.97781e-17
2.97924e-17
2.98005e-17
2.97937e-17
2.97725e-17
2.97441e-17
2.969e-17
2.96197e-17
2.95523e-17
2.94478e-17
2.93776e-17
2.94019e-17
2.94304e-17
2.94304e-17
2.95443e-17
2.96229e-17
2.96837e-17
2.97421e-17
2.97759e-17
2.97916e-17
2.97999e-17
2.97934e-17
2.97776e-17
2.97501e-17
2.97034e-17
2.96449e-17
2.96038e-17
2.95743e-17
2.95461e-17
2.97485e-17
2.97406e-17
2.97414e-17
2.97587e-17
2.97722e-17
2.97859e-17
2.97956e-17
2.9805e-17
2.98017e-17
2.97917e-17
2.97627e-17
2.9696e-17
2.96041e-17
2.9467e-17
2.93019e-17
2.91077e-17
2.8845e-17
2.87367e-17
2.872e-17
2.88186e-17
2.90351e-17
2.91803e-17
2.94102e-17
2.9538e-17
2.96654e-17
2.97445e-17
2.97832e-17
2.97991e-17
2.9805e-17
2.97995e-17
2.97882e-17
2.97795e-17
2.9763e-17
2.97558e-17
2.97507e-17
2.97487e-17
2.97526e-17
2.97616e-17
2.97559e-17
2.97674e-17
2.97831e-17
2.97918e-17
2.98026e-17
2.9803e-17
2.97942e-17
2.97704e-17
2.97219e-17
2.96516e-17
2.9535e-17
2.93563e-17
2.91671e-17
2.90087e-17
2.87395e-17
2.86694e-17
2.87711e-17
2.89225e-17
2.91256e-17
2.93639e-17
2.95365e-17
2.96307e-17
2.97273e-17
2.97747e-17
2.97938e-17
2.98023e-17
2.98028e-17
2.97968e-17
2.97826e-17
2.97713e-17
2.97558e-17
2.97424e-17
2.97477e-17
2.98544e-17
2.98394e-17
2.9825e-17
2.98159e-17
2.98124e-17
2.98131e-17
2.98129e-17
2.98093e-17
2.97967e-17
2.97662e-17
2.96938e-17
2.95793e-17
2.9366e-17
2.90393e-17
2.86389e-17
2.8164e-17
2.75982e-17
2.74684e-17
2.73606e-17
2.77442e-17
2.79718e-17
2.84583e-17
2.89903e-17
2.92989e-17
2.95161e-17
2.96525e-17
2.97516e-17
2.97861e-17
2.98061e-17
2.98111e-17
2.98123e-17
2.98153e-17
2.98175e-17
2.98225e-17
2.98396e-17
2.98476e-17
2.98448e-17
2.98322e-17
2.98188e-17
2.98163e-17
2.98122e-17
2.9812e-17
2.98088e-17
2.98038e-17
2.97754e-17
2.97245e-17
2.96169e-17
2.94587e-17
2.9154e-17
2.88007e-17
2.84424e-17
2.79091e-17
2.74481e-17
2.72236e-17
2.73688e-17
2.77539e-17
2.83258e-17
2.87833e-17
2.9159e-17
2.94552e-17
2.96028e-17
2.97228e-17
2.9774e-17
2.98024e-17
2.98111e-17
2.98144e-17
2.98132e-17
2.98166e-17
2.98207e-17
2.98229e-17
2.98457e-17
2.98972e-17
2.98772e-17
2.98627e-17
2.98414e-17
2.98308e-17
2.98233e-17
2.98182e-17
2.9808e-17
2.97845e-17
2.97399e-17
2.9599e-17
2.93583e-17
2.89571e-17
2.83265e-17
2.75101e-17
2.65065e-17
2.5297e-17
2.50292e-17
2.49131e-17
2.52558e-17
2.62077e-17
2.73096e-17
2.81789e-17
2.8826e-17
2.92384e-17
2.95087e-17
2.96852e-17
2.97712e-17
2.97986e-17
2.98155e-17
2.98225e-17
2.98275e-17
2.98373e-17
2.98512e-17
2.98673e-17
2.9888e-17
2.98822e-17
2.98641e-17
2.98435e-17
2.98343e-17
2.98248e-17
2.98204e-17
2.98129e-17
2.97972e-17
2.97533e-17
2.96592e-17
2.94439e-17
2.90927e-17
2.85936e-17
2.78269e-17
2.68631e-17
2.59095e-17
2.52079e-17
2.48118e-17
2.52122e-17
2.59041e-17
2.67577e-17
2.78239e-17
2.8623e-17
2.9062e-17
2.94797e-17
2.96468e-17
2.97476e-17
2.97923e-17
2.98115e-17
2.98188e-17
2.9825e-17
2.98345e-17
2.9846e-17
2.98603e-17
2.98847e-17
2.99099e-17
2.98913e-17
2.98705e-17
2.98538e-17
2.98383e-17
2.98298e-17
2.98242e-17
2.98105e-17
2.97661e-17
2.9667e-17
2.94374e-17
2.90275e-17
2.83085e-17
2.7258e-17
2.56454e-17
2.38032e-17
2.21699e-17
2.12544e-17
2.13497e-17
2.20811e-17
2.31206e-17
2.49381e-17
2.68275e-17
2.79255e-17
2.8781e-17
2.93543e-17
2.96065e-17
2.97335e-17
2.97986e-17
2.98179e-17
2.98268e-17
2.98369e-17
2.98471e-17
2.98655e-17
2.98856e-17
2.99063e-17
2.9904e-17
2.98781e-17
2.98591e-17
2.98432e-17
2.98323e-17
2.98251e-17
2.98154e-17
2.97843e-17
2.96923e-17
2.95392e-17
2.92235e-17
2.86213e-17
2.76941e-17
2.62387e-17
2.42985e-17
2.25312e-17
2.15749e-17
2.14925e-17
2.13937e-17
2.2534e-17
2.4553e-17
2.61491e-17
2.75708e-17
2.85629e-17
2.91845e-17
2.9559e-17
2.9703e-17
2.97733e-17
2.98108e-17
2.98247e-17
2.98331e-17
2.98432e-17
2.98574e-17
2.98782e-17
2.9901e-17
2.99229e-17
2.99064e-17
2.98799e-17
2.98633e-17
2.9851e-17
2.98408e-17
2.98287e-17
2.98004e-17
2.9739e-17
2.96015e-17
2.92257e-17
2.86519e-17
2.75273e-17
2.56222e-17
2.32225e-17
2.09238e-17
1.87764e-17
1.72515e-17
1.69458e-17
1.83913e-17
1.95321e-17
2.21049e-17
2.48371e-17
2.70972e-17
2.82822e-17
2.91046e-17
2.95085e-17
2.97028e-17
2.97965e-17
2.98235e-17
2.98364e-17
2.98457e-17
2.98582e-17
2.98763e-17
2.98989e-17
2.99179e-17
2.9916e-17
2.98898e-17
2.98706e-17
2.98542e-17
2.9843e-17
2.98361e-17
2.98144e-17
2.9773e-17
2.96613e-17
2.94173e-17
2.88907e-17
2.81476e-17
2.66238e-17
2.41943e-17
2.16648e-17
1.90441e-17
1.76247e-17
1.70078e-17
1.77887e-17
1.88506e-17
2.1295e-17
2.38944e-17
2.61305e-17
2.78979e-17
2.88303e-17
2.93985e-17
2.96641e-17
2.97658e-17
2.98134e-17
2.98334e-17
2.98414e-17
2.98533e-17
2.98665e-17
2.98876e-17
2.99124e-17
2.99406e-17
2.99237e-17
2.98997e-17
2.98809e-17
2.98646e-17
2.98532e-17
2.98413e-17
2.98103e-17
2.97192e-17
2.95149e-17
2.90983e-17
2.81391e-17
2.62196e-17
2.41065e-17
2.04931e-17
1.73564e-17
1.5307e-17
1.40554e-17
1.38631e-17
1.48076e-17
1.6514e-17
1.95855e-17
2.29449e-17
2.5742e-17
2.77936e-17
2.88075e-17
2.93828e-17
2.96445e-17
2.9785e-17
2.98331e-17
2.98487e-17
2.98615e-17
2.98738e-17
2.98929e-17
2.99132e-17
2.99331e-17
2.99298e-17
2.99071e-17
2.98884e-17
2.98673e-17
2.986e-17
2.98497e-17
2.98195e-17
2.97576e-17
2.96062e-17
2.92667e-17
2.84936e-17
2.72411e-17
2.49457e-17
2.16826e-17
1.85929e-17
1.57251e-17
1.44103e-17
1.37104e-17
1.43671e-17
1.59846e-17
1.85106e-17
2.11588e-17
2.47569e-17
2.71194e-17
2.84264e-17
2.92161e-17
2.95902e-17
2.97538e-17
2.98217e-17
2.98449e-17
2.98575e-17
2.98688e-17
2.98867e-17
2.9907e-17
2.9928e-17
2.99545e-17
2.99418e-17
2.99163e-17
2.98983e-17
2.98883e-17
2.98729e-17
2.98556e-17
2.98077e-17
2.96915e-17
2.94399e-17
2.88452e-17
2.77438e-17
2.56716e-17
2.22642e-17
1.87732e-17
1.52211e-17
1.29714e-17
1.18926e-17
1.17938e-17
1.23698e-17
1.44141e-17
1.74294e-17
2.08971e-17
2.48716e-17
2.70832e-17
2.84834e-17
2.9306e-17
2.96317e-17
2.979e-17
2.98407e-17
2.98665e-17
2.98853e-17
2.98962e-17
2.99126e-17
2.99355e-17
2.99526e-17
2.99493e-17
2.99293e-17
2.99063e-17
2.98879e-17
2.988e-17
2.98661e-17
2.98321e-17
2.97521e-17
2.95538e-17
2.90292e-17
2.82429e-17
2.64376e-17
2.3701e-17
1.98463e-17
1.65019e-17
1.35955e-17
1.20802e-17
1.16105e-17
1.21605e-17
1.33746e-17
1.6019e-17
1.95337e-17
2.35575e-17
2.63536e-17
2.8094e-17
2.90637e-17
2.95408e-17
2.97406e-17
2.9831e-17
2.98605e-17
2.98802e-17
2.9891e-17
2.9902e-17
2.99269e-17
2.99471e-17
2.99696e-17
2.99614e-17
2.99429e-17
2.99231e-17
2.99068e-17
2.98966e-17
2.98775e-17
2.98281e-17
2.96996e-17
2.94377e-17
2.86919e-17
2.74841e-17
2.47973e-17
2.15272e-17
1.7215e-17
1.40479e-17
1.19269e-17
1.06255e-17
1.0556e-17
1.13446e-17
1.33494e-17
1.6111e-17
1.99149e-17
2.37126e-17
2.65243e-17
2.83384e-17
2.91878e-17
2.9596e-17
2.97967e-17
2.98604e-17
2.98913e-17
2.99029e-17
2.99181e-17
2.99334e-17
2.99544e-17
2.99714e-17
2.99653e-17
2.99526e-17
2.99285e-17
2.99118e-17
2.99011e-17
2.98848e-17
2.98492e-17
2.97697e-17
2.95484e-17
2.90261e-17
2.8154e-17
2.60465e-17
2.30625e-17
1.84408e-17
1.48563e-17
1.24282e-17
1.11591e-17
1.05513e-17
1.09224e-17
1.24301e-17
1.49097e-17
1.83379e-17
2.25586e-17
2.56995e-17
2.78732e-17
2.90561e-17
2.95152e-17
2.97499e-17
2.98445e-17
2.98842e-17
2.99e-17
2.99141e-17
2.99276e-17
2.99452e-17
2.99664e-17
2.9971e-17
2.99659e-17
2.99483e-17
2.99286e-17
2.99168e-17
2.99007e-17
2.98817e-17
2.98256e-17
2.96962e-17
2.93658e-17
2.86937e-17
2.73979e-17
2.47927e-17
2.0771e-17
1.71969e-17
1.40369e-17
1.16531e-17
1.05911e-17
1.03851e-17
1.11537e-17
1.30282e-17
1.5853e-17
1.9491e-17
2.37387e-17
2.67406e-17
2.84056e-17
2.92198e-17
2.96213e-17
2.97933e-17
2.98712e-17
2.98963e-17
2.99099e-17
2.99263e-17
2.99382e-17
2.99611e-17
2.99722e-17
2.9971e-17
2.99541e-17
2.99343e-17
2.9919e-17
2.99069e-17
2.98933e-17
2.98564e-17
2.97676e-17
2.95245e-17
2.90432e-17
2.78854e-17
2.58698e-17
2.24497e-17
1.84605e-17
1.51819e-17
1.22549e-17
1.07746e-17
1.03476e-17
1.0752e-17
1.20797e-17
1.47949e-17
1.82879e-17
2.22119e-17
2.58608e-17
2.7858e-17
2.89969e-17
2.9498e-17
2.97487e-17
2.9846e-17
2.98871e-17
2.99091e-17
2.99234e-17
2.99322e-17
2.99525e-17
2.99693e-17
2.99603e-17
2.99479e-17
2.99289e-17
2.99092e-17
2.98955e-17
2.98812e-17
2.98594e-17
2.98091e-17
2.96916e-17
2.94279e-17
2.88537e-17
2.76566e-17
2.51662e-17
2.18922e-17
1.80501e-17
1.43727e-17
1.25028e-17
1.11834e-17
1.10721e-17
1.19902e-17
1.37405e-17
1.68038e-17
2.08061e-17
2.42145e-17
2.69321e-17
2.84989e-17
2.92452e-17
2.96195e-17
2.97856e-17
2.98478e-17
2.98786e-17
2.98919e-17
2.99032e-17
2.99224e-17
2.99437e-17
2.99607e-17
2.99521e-17
2.99364e-17
2.99161e-17
2.98983e-17
2.98859e-17
2.98731e-17
2.98346e-17
2.9764e-17
2.95464e-17
2.8966e-17
2.81421e-17
2.62734e-17
2.30851e-17
1.93759e-17
1.55214e-17
1.34044e-17
1.15251e-17
1.11232e-17
1.17555e-17
1.30496e-17
1.5546e-17
1.94374e-17
2.29325e-17
2.62047e-17
2.80049e-17
2.9027e-17
2.95193e-17
2.97377e-17
2.98306e-17
2.98723e-17
2.9884e-17
2.98982e-17
2.99165e-17
2.99342e-17
2.9953e-17
2.99429e-17
2.99318e-17
2.99047e-17
2.98885e-17
2.98715e-17
2.98606e-17
2.98466e-17
2.98122e-17
2.96951e-17
2.94671e-17
2.89443e-17
2.79921e-17
2.59979e-17
2.32698e-17
1.99328e-17
1.67648e-17
1.41901e-17
1.32375e-17
1.30487e-17
1.40159e-17
1.56765e-17
1.85771e-17
2.23655e-17
2.51337e-17
2.75008e-17
2.87194e-17
2.93443e-17
2.96424e-17
2.97836e-17
2.98373e-17
2.98576e-17
2.98669e-17
2.98805e-17
2.98969e-17
2.99194e-17
2.99402e-17
2.99348e-17
2.99134e-17
2.98949e-17
2.98756e-17
2.98653e-17
2.98508e-17
2.98233e-17
2.97547e-17
2.95914e-17
2.91904e-17
2.84284e-17
2.686e-17
2.47393e-17
2.09933e-17
1.75237e-17
1.51317e-17
1.3558e-17
1.30138e-17
1.3549e-17
1.48617e-17
1.75464e-17
2.11277e-17
2.42489e-17
2.68142e-17
2.83981e-17
2.92107e-17
2.95744e-17
2.9748e-17
2.9827e-17
2.98512e-17
2.98635e-17
2.98753e-17
2.98922e-17
2.99116e-17
2.99349e-17
2.99264e-17
2.99106e-17
2.98863e-17
2.98697e-17
2.98555e-17
2.98432e-17
2.98327e-17
2.98069e-17
2.97192e-17
2.95547e-17
2.91818e-17
2.84989e-17
2.70363e-17
2.49397e-17
2.20764e-17
1.96272e-17
1.73682e-17
1.5981e-17
1.58034e-17
1.69559e-17
1.8494e-17
2.10482e-17
2.40297e-17
2.65204e-17
2.80213e-17
2.90386e-17
2.94854e-17
2.96801e-17
2.97858e-17
2.98264e-17
2.98425e-17
2.985e-17
2.98638e-17
2.98809e-17
2.9903e-17
2.99233e-17
2.99198e-17
2.98942e-17
2.98756e-17
2.98599e-17
2.98484e-17
2.98392e-17
2.982e-17
2.9763e-17
2.9629e-17
2.93808e-17
2.87303e-17
2.76542e-17
2.56776e-17
2.32912e-17
2.0487e-17
1.79962e-17
1.63402e-17
1.62289e-17
1.64466e-17
1.78065e-17
2.02464e-17
2.35139e-17
2.5769e-17
2.76081e-17
2.86959e-17
2.93765e-17
2.9621e-17
2.97585e-17
2.98183e-17
2.98373e-17
2.98485e-17
2.9858e-17
2.98739e-17
2.98936e-17
2.99186e-17
2.99178e-17
2.99003e-17
2.9873e-17
2.98552e-17
2.98433e-17
2.98336e-17
2.98226e-17
2.98049e-17
2.97468e-17
2.96448e-17
2.93799e-17
2.89823e-17
2.80461e-17
2.66953e-17
2.4847e-17
2.24968e-17
2.08917e-17
1.99474e-17
1.96352e-17
2.05852e-17
2.21346e-17
2.40886e-17
2.61024e-17
2.76032e-17
2.87391e-17
2.92434e-17
2.95452e-17
2.97282e-17
2.97924e-17
2.98171e-17
2.98315e-17
2.98384e-17
2.98514e-17
2.98681e-17
2.98895e-17
2.99109e-17
2.99037e-17
2.98834e-17
2.98634e-17
2.98479e-17
2.98366e-17
2.98265e-17
2.98128e-17
2.97728e-17
2.96918e-17
2.95254e-17
2.91229e-17
2.83737e-17
2.73407e-17
2.5781e-17
2.34325e-17
2.1552e-17
2.00044e-17
1.95459e-17
2.02351e-17
2.13941e-17
2.3391e-17
2.53413e-17
2.73609e-17
2.84308e-17
2.91089e-17
2.95025e-17
2.97038e-17
2.97767e-17
2.98131e-17
2.98265e-17
2.9837e-17
2.98472e-17
2.98601e-17
2.98802e-17
2.99061e-17
2.99021e-17
2.98842e-17
2.98647e-17
2.98471e-17
2.9832e-17
2.98271e-17
2.98216e-17
2.98081e-17
2.97774e-17
2.96963e-17
2.95668e-17
2.92625e-17
2.88431e-17
2.79615e-17
2.69354e-17
2.55971e-17
2.44805e-17
2.38196e-17
2.36152e-17
2.42863e-17
2.52688e-17
2.64348e-17
2.76614e-17
2.8517e-17
2.91488e-17
2.94979e-17
2.96608e-17
2.97599e-17
2.97945e-17
2.98162e-17
2.98247e-17
2.98337e-17
2.98386e-17
2.98573e-17
2.98782e-17
2.98969e-17
2.98912e-17
2.98688e-17
2.98495e-17
2.98347e-17
2.98281e-17
2.98217e-17
2.98137e-17
2.97949e-17
2.97347e-17
2.96202e-17
2.93915e-17
2.89651e-17
2.82798e-17
2.73222e-17
2.61046e-17
2.49101e-17
2.4059e-17
2.34343e-17
2.38823e-17
2.48177e-17
2.61535e-17
2.73191e-17
2.83351e-17
2.89121e-17
2.93584e-17
2.96308e-17
2.9731e-17
2.97832e-17
2.98136e-17
2.98215e-17
2.98282e-17
2.98368e-17
2.98517e-17
2.98683e-17
2.98912e-17
2.98791e-17
2.98553e-17
2.98384e-17
2.98265e-17
2.9819e-17
2.9818e-17
2.9815e-17
2.9809e-17
2.97927e-17
2.97527e-17
2.96681e-17
2.9509e-17
2.92688e-17
2.88196e-17
2.83061e-17
2.77317e-17
2.70012e-17
2.66918e-17
2.6539e-17
2.67748e-17
2.74864e-17
2.80856e-17
2.86393e-17
2.91413e-17
2.94269e-17
2.96106e-17
2.97242e-17
2.97795e-17
2.98036e-17
2.98127e-17
2.98175e-17
2.98214e-17
2.98268e-17
2.9834e-17
2.98533e-17
2.9868e-17
2.9867e-17
2.9845e-17
2.98354e-17
2.98263e-17
2.98186e-17
2.98155e-17
2.98116e-17
2.98015e-17
2.97693e-17
2.96975e-17
2.95825e-17
2.93441e-17
2.90479e-17
2.85455e-17
2.79665e-17
2.72859e-17
2.66494e-17
2.66111e-17
2.68312e-17
2.70319e-17
2.79356e-17
2.84347e-17
2.90049e-17
2.93706e-17
2.95375e-17
2.96979e-17
2.9766e-17
2.97986e-17
2.98119e-17
2.98167e-17
2.9819e-17
2.98232e-17
2.98325e-17
2.98456e-17
2.98642e-17
2.98077e-17
2.98e-17
2.97857e-17
2.97823e-17
2.97946e-17
2.97983e-17
2.98062e-17
2.98074e-17
2.98004e-17
2.9787e-17
2.97371e-17
2.96586e-17
2.95456e-17
2.93379e-17
2.90718e-17
2.88074e-17
2.85665e-17
2.82757e-17
2.83264e-17
2.84556e-17
2.87447e-17
2.89902e-17
2.92626e-17
2.94458e-17
2.96171e-17
2.97214e-17
2.97763e-17
2.97968e-17
2.9805e-17
2.98049e-17
2.98019e-17
2.97999e-17
2.97886e-17
2.97876e-17
2.98002e-17
2.98046e-17
2.97892e-17
2.9794e-17
2.97891e-17
2.97915e-17
2.97929e-17
2.98044e-17
2.98072e-17
2.98041e-17
2.97906e-17
2.97554e-17
2.96841e-17
2.95838e-17
2.93908e-17
2.92018e-17
2.88178e-17
2.86861e-17
2.84211e-17
2.83547e-17
2.84542e-17
2.85863e-17
2.8895e-17
2.91536e-17
2.93976e-17
2.95718e-17
2.96937e-17
2.97531e-17
2.979e-17
2.98034e-17
2.98061e-17
2.98016e-17
2.9796e-17
2.97888e-17
2.97791e-17
2.97901e-17
2.9792e-17
2.96318e-17
2.96014e-17
2.96461e-17
2.96866e-17
2.97175e-17
2.97537e-17
2.97759e-17
2.97961e-17
2.97999e-17
2.97977e-17
2.97845e-17
2.97474e-17
2.96911e-17
2.96031e-17
2.95186e-17
2.93934e-17
2.92993e-17
2.92137e-17
2.92115e-17
2.92668e-17
2.93653e-17
2.9461e-17
2.95922e-17
2.96793e-17
2.97338e-17
2.97709e-17
2.97924e-17
2.98006e-17
2.97978e-17
2.9783e-17
2.97673e-17
2.9728e-17
2.9694e-17
2.96559e-17
2.96224e-17
2.96353e-17
2.96486e-17
2.96368e-17
2.96693e-17
2.97162e-17
2.97389e-17
2.97739e-17
2.97905e-17
2.97996e-17
2.97996e-17
2.97901e-17
2.97615e-17
2.97144e-17
2.96265e-17
2.95369e-17
2.93959e-17
2.93313e-17
2.92253e-17
2.92206e-17
2.92435e-17
2.93067e-17
2.94405e-17
2.95325e-17
2.96347e-17
2.97112e-17
2.97584e-17
2.97866e-17
2.98009e-17
2.97984e-17
2.97895e-17
2.97688e-17
2.97456e-17
2.97087e-17
2.96705e-17
2.96433e-17
2.96415e-17
2.92638e-17
2.92468e-17
2.93459e-17
2.94492e-17
2.95325e-17
2.96347e-17
2.97214e-17
2.97655e-17
2.97866e-17
2.98008e-17
2.97973e-17
2.97895e-17
2.97688e-17
2.97456e-17
2.96918e-17
2.96561e-17
2.96243e-17
2.96396e-17
2.96431e-17
2.96118e-17
2.96515e-17
2.96856e-17
2.97334e-17
2.97573e-17
2.97869e-17
2.97931e-17
2.97996e-17
2.97947e-17
2.97756e-17
2.9734e-17
2.96764e-17
2.95936e-17
2.94704e-17
2.93559e-17
2.93074e-17
2.92717e-17
2.92524e-17
2.92914e-17
2.93929e-17
2.95117e-17
2.96189e-17
2.96941e-17
2.97453e-17
2.9776e-17
2.97966e-17
2.98012e-17
2.97932e-17
2.97745e-17
2.9753e-17
2.97207e-17
2.96699e-17
2.96579e-17
2.96191e-17
2.96287e-17
2.96274e-17
2.9645e-17
2.96777e-17
2.97175e-17
2.97537e-17
2.97727e-17
2.97925e-17
2.98e-17
2.97973e-17
2.97845e-17
2.97548e-17
2.96968e-17
2.96217e-17
2.95597e-17
2.93934e-17
2.93108e-17
2.92137e-17
2.83965e-17
2.84542e-17
2.86216e-17
2.89641e-17
2.91921e-17
2.93976e-17
2.95718e-17
2.96937e-17
2.97616e-17
2.979e-17
2.98033e-17
2.98055e-17
2.98016e-17
2.97962e-17
2.97888e-17
2.97794e-17
2.97918e-17
2.97852e-17
2.97935e-17
2.97754e-17
2.97827e-17
2.9788e-17
2.97922e-17
2.9803e-17
2.98055e-17
2.98054e-17
2.97949e-17
2.97738e-17
2.9725e-17
2.96224e-17
2.94967e-17
2.92723e-17
2.9013e-17
2.87391e-17
2.84971e-17
2.83255e-17
2.84327e-17
2.84826e-17
2.87429e-17
2.91179e-17
2.93299e-17
2.95387e-17
2.9664e-17
2.97478e-17
2.97823e-17
2.97997e-17
2.9805e-17
2.98052e-17
2.9798e-17
2.97907e-17
2.97731e-17
2.97839e-17
2.97961e-17
2.97914e-17
2.97861e-17
2.97857e-17
2.97823e-17
2.97909e-17
2.97983e-17
2.98044e-17
2.98079e-17
2.98004e-17
2.97877e-17
2.97406e-17
2.96586e-17
2.95504e-17
2.93379e-17
2.9161e-17
2.88935e-17
2.85665e-17
2.82757e-17
2.69098e-17
2.68312e-17
2.72678e-17
2.79356e-17
2.84347e-17
2.90711e-17
2.9381e-17
2.95527e-17
2.97075e-17
2.97711e-17
2.98015e-17
2.98123e-17
2.98167e-17
2.9818e-17
2.98242e-17
2.98325e-17
2.9846e-17
2.98604e-17
2.98755e-17
2.98491e-17
2.98367e-17
2.98213e-17
2.98199e-17
2.98166e-17
2.98142e-17
2.98047e-17
2.97832e-17
2.97326e-17
2.96205e-17
2.9458e-17
2.91569e-17
2.87295e-17
2.80968e-17
2.75001e-17
2.6877e-17
2.66902e-17
2.68605e-17
2.71323e-17
2.76177e-17
2.82819e-17
2.88887e-17
2.92778e-17
2.95074e-17
2.96701e-17
2.97489e-17
2.97916e-17
2.98077e-17
2.98148e-17
2.98173e-17
2.98208e-17
2.98292e-17
2.98417e-17
2.9863e-17
2.9871e-17
2.98531e-17
2.98384e-17
2.98261e-17
2.9819e-17
2.9818e-17
2.98146e-17
2.981e-17
2.97943e-17
2.97602e-17
2.96782e-17
2.9509e-17
2.92688e-17
2.88795e-17
2.83061e-17
2.77317e-17
2.71085e-17
2.66918e-17
2.35618e-17
2.42684e-17
2.4983e-17
2.61535e-17
2.74471e-17
2.83351e-17
2.89581e-17
2.93584e-17
2.96308e-17
2.9731e-17
2.97832e-17
2.98136e-17
2.98216e-17
2.98279e-17
2.98368e-17
2.98517e-17
2.98683e-17
2.98912e-17
2.98946e-17
2.98751e-17
2.98599e-17
2.98429e-17
2.98312e-17
2.98249e-17
2.98168e-17
2.9802e-17
2.97625e-17
2.96768e-17
2.94563e-17
2.91664e-17
2.86412e-17
2.778e-17
2.63461e-17
2.54219e-17
2.44173e-17
2.37355e-17
2.40827e-17
2.45509e-17
2.604e-17
2.68439e-17
2.78818e-17
2.8815e-17
2.92462e-17
2.95698e-17
2.97064e-17
2.97725e-17
2.98054e-17
2.9818e-17
2.98241e-17
2.98341e-17
2.98468e-17
2.9862e-17
2.98844e-17
2.99042e-17
2.98841e-17
2.9866e-17
2.98458e-17
2.9832e-17
2.98255e-17
2.98219e-17
2.98098e-17
2.97825e-17
2.97023e-17
2.95668e-17
2.92934e-17
2.88431e-17
2.80294e-17
2.69354e-17
2.58557e-17
2.47079e-17
2.38196e-17
1.98117e-17
2.02351e-17
2.19628e-17
2.34786e-17
2.53413e-17
2.73609e-17
2.84308e-17
2.91089e-17
2.95025e-17
2.97038e-17
2.97767e-17
2.98131e-17
2.98265e-17
2.98351e-17
2.98488e-17
2.98601e-17
2.98802e-17
2.99061e-17
2.99111e-17
2.98889e-17
2.98679e-17
2.98526e-17
2.98396e-17
2.983e-17
2.98203e-17
2.97929e-17
2.97359e-17
2.95567e-17
2.92777e-17
2.87202e-17
2.77544e-17
2.59731e-17
2.41437e-17
2.2384e-17
2.06498e-17
1.95949e-17
2.00179e-17
2.07032e-17
2.29388e-17
2.48141e-17
2.66356e-17
2.81031e-17
2.89302e-17
2.93925e-17
2.96487e-17
2.9755e-17
2.98055e-17
2.98236e-17
2.9836e-17
2.98418e-17
2.98559e-17
2.98758e-17
2.98953e-17
2.99156e-17
2.99003e-17
2.9873e-17
2.98572e-17
2.9842e-17
2.98349e-17
2.98226e-17
2.98049e-17
2.9751e-17
2.96484e-17
2.9408e-17
2.89823e-17
2.80461e-17
2.67855e-17
2.5002e-17
2.30271e-17
2.14057e-17
1.99474e-17
1.61195e-17
1.64466e-17
1.7994e-17
2.02464e-17
2.35139e-17
2.5769e-17
2.76081e-17
2.87896e-17
2.93684e-17
2.96365e-17
2.97625e-17
2.98183e-17
2.98373e-17
2.9848e-17
2.98577e-17
2.9873e-17
2.98958e-17
2.99175e-17
2.99206e-17
2.99048e-17
2.9881e-17
2.98613e-17
2.98524e-17
2.98411e-17
2.98273e-17
2.97921e-17
2.97047e-17
2.94716e-17
2.9042e-17
2.80858e-17
2.63165e-17
2.42886e-17
2.12502e-17
1.88312e-17
1.68282e-17
1.62617e-17
1.60047e-17
1.75866e-17
1.94664e-17
2.23613e-17
2.49938e-17
2.69208e-17
2.83684e-17
2.92098e-17
2.95773e-17
2.97249e-17
2.98043e-17
2.98337e-17
2.98455e-17
2.98527e-17
2.98677e-17
2.98874e-17
2.99103e-17
2.99279e-17
2.99092e-17
2.98852e-17
2.98697e-17
2.98555e-17
2.98432e-17
2.98327e-17
2.98092e-17
2.97366e-17
2.95653e-17
2.9193e-17
2.84989e-17
2.70363e-17
2.51096e-17
2.26149e-17
1.96272e-17
1.77763e-17
1.62591e-17
1.3138e-17
1.3549e-17
1.51125e-17
1.75464e-17
2.11277e-17
2.42489e-17
2.70114e-17
2.83981e-17
2.92107e-17
2.95744e-17
2.97418e-17
2.9827e-17
2.985e-17
2.98624e-17
2.98748e-17
2.98922e-17
2.99137e-17
2.99377e-17
2.99389e-17
2.99209e-17
2.98996e-17
2.98805e-17
2.9869e-17
2.9856e-17
2.98377e-17
2.97918e-17
2.96565e-17
2.93461e-17
2.86886e-17
2.76129e-17
2.5465e-17
2.21994e-17
1.83141e-17
1.60729e-17
1.40362e-17
1.30354e-17
1.30974e-17
1.43492e-17
1.64482e-17
1.96677e-17
2.32287e-17
2.60068e-17
2.80073e-17
2.89992e-17
2.94628e-17
2.96994e-17
2.98103e-17
2.98454e-17
2.98613e-17
2.98711e-17
2.98885e-17
2.99035e-17
2.99266e-17
2.99425e-17
2.99282e-17
2.99049e-17
2.98885e-17
2.98721e-17
2.98606e-17
2.98466e-17
2.98122e-17
2.97158e-17
2.94872e-17
2.89595e-17
2.79921e-17
2.59979e-17
2.3398e-17
2.02352e-17
1.67648e-17
1.44787e-17
1.32375e-17
1.13323e-17
1.17555e-17
1.33371e-17
1.61159e-17
1.94374e-17
2.29245e-17
2.61732e-17
2.80049e-17
2.90686e-17
2.95303e-17
2.97377e-17
2.98306e-17
2.9868e-17
2.98866e-17
2.98966e-17
2.99165e-17
2.99342e-17
2.9953e-17
2.99564e-17
2.99402e-17
2.99213e-17
2.99006e-17
2.98888e-17
2.98779e-17
2.98522e-17
2.97975e-17
2.96238e-17
2.92748e-17
2.85767e-17
2.6974e-17
2.4142e-17
2.05359e-17
1.67885e-17
1.41879e-17
1.1982e-17
1.11959e-17
1.13691e-17
1.2513e-17
1.4787e-17
1.77006e-17
2.18998e-17
2.55274e-17
2.75874e-17
2.8783e-17
2.94446e-17
2.96858e-17
2.98041e-17
2.98631e-17
2.98826e-17
2.98925e-17
2.99097e-17
2.99289e-17
2.99488e-17
2.99666e-17
2.99479e-17
2.99307e-17
2.99121e-17
2.98958e-17
2.98783e-17
2.98625e-17
2.98103e-17
2.97066e-17
2.94279e-17
2.88537e-17
2.76327e-17
2.53783e-17
2.18922e-17
1.82077e-17
1.49888e-17
1.25028e-17
1.15695e-17
1.03241e-17
1.0752e-17
1.20797e-17
1.47949e-17
1.86657e-17
2.25699e-17
2.58807e-17
2.7858e-17
2.90057e-17
2.95319e-17
2.97487e-17
2.98543e-17
2.98871e-17
2.99077e-17
2.99234e-17
2.99322e-17
2.9952e-17
2.99693e-17
2.99706e-17
2.99568e-17
2.99405e-17
2.99245e-17
2.99102e-17
2.98995e-17
2.98663e-17
2.98021e-17
2.96231e-17
2.92267e-17
2.83326e-17
2.66275e-17
2.3816e-17
1.97289e-17
1.61225e-17
1.29134e-17
1.13007e-17
1.04475e-17
1.05558e-17
1.16392e-17
1.34883e-17
1.67132e-17
2.12979e-17
2.46621e-17
2.73136e-17
2.87118e-17
2.93494e-17
2.96881e-17
2.98233e-17
2.98771e-17
2.98981e-17
2.99154e-17
2.9927e-17
2.99438e-17
2.99639e-17
2.99745e-17
2.99665e-17
2.99485e-17
2.99286e-17
2.99168e-17
2.99029e-17
2.98817e-17
2.98262e-17
2.96962e-17
2.93942e-17
2.86937e-17
2.74268e-17
2.47927e-17
2.12341e-17
1.72494e-17
1.40369e-17
1.17455e-17
1.06043e-17
1.04816e-17
1.09224e-17
1.24301e-17
1.49097e-17
1.83379e-17
2.25586e-17
2.56995e-17
2.78794e-17
2.90763e-17
2.95152e-17
2.97533e-17
2.98445e-17
2.98842e-17
2.99e-17
2.9916e-17
2.99279e-17
2.99452e-17
2.99664e-17
2.99693e-17
2.9957e-17
2.99352e-17
2.99185e-17
2.99064e-17
2.9892e-17
2.9865e-17
2.97958e-17
2.96425e-17
2.92857e-17
2.84296e-17
2.69012e-17
2.37731e-17
1.99306e-17
1.58814e-17
1.31226e-17
1.12904e-17
1.05617e-17
1.07491e-17
1.17771e-17
1.39801e-17
1.73015e-17
2.12441e-17
2.48509e-17
2.73503e-17
2.86919e-17
2.93768e-17
2.9705e-17
2.98218e-17
2.98785e-17
2.98948e-17
2.99122e-17
2.99204e-17
2.99394e-17
2.9958e-17
2.99721e-17
2.9962e-17
2.9945e-17
2.99238e-17
2.99108e-17
2.98966e-17
2.98775e-17
2.98283e-17
2.97307e-17
2.94377e-17
2.87903e-17
2.75859e-17
2.48133e-17
2.1661e-17
1.7215e-17
1.40434e-17
1.19672e-17
1.06255e-17
1.16866e-17
1.21605e-17
1.34124e-17
1.64542e-17
1.95337e-17
2.35575e-17
2.63536e-17
2.8094e-17
2.91118e-17
2.95518e-17
2.97463e-17
2.9831e-17
2.98621e-17
2.98802e-17
2.9891e-17
2.99059e-17
2.99297e-17
2.99471e-17
2.99521e-17
2.99364e-17
2.99115e-17
2.98971e-17
2.98829e-17
2.98735e-17
2.9846e-17
2.97828e-17
2.96425e-17
2.9308e-17
2.85314e-17
2.71294e-17
2.49297e-17
2.08874e-17
1.74321e-17
1.43572e-17
1.2488e-17
1.16434e-17
1.16412e-17
1.27341e-17
1.5314e-17
1.83234e-17
2.1838e-17
2.54492e-17
2.7697e-17
2.88336e-17
2.94341e-17
2.96777e-17
2.98077e-17
2.98557e-17
2.98739e-17
2.98884e-17
2.99002e-17
2.99182e-17
2.99432e-17
2.99584e-17
2.99436e-17
2.99163e-17
2.99021e-17
2.98883e-17
2.98729e-17
2.98566e-17
2.98077e-17
2.96915e-17
2.94399e-17
2.88452e-17
2.78796e-17
2.54145e-17
2.22642e-17
1.87732e-17
1.52211e-17
1.28389e-17
1.18926e-17
1.38214e-17
1.42907e-17
1.60643e-17
1.84338e-17
2.11642e-17
2.45829e-17
2.724e-17
2.84264e-17
2.92161e-17
2.95844e-17
2.97594e-17
2.98217e-17
2.98449e-17
2.98575e-17
2.98713e-17
2.98871e-17
2.9907e-17
2.99286e-17
2.99341e-17
2.99129e-17
2.98951e-17
2.98738e-17
2.98629e-17
2.98526e-17
2.98322e-17
2.97902e-17
2.96702e-17
2.94267e-17
2.88074e-17
2.76824e-17
2.559e-17
2.25998e-17
1.92649e-17
1.63574e-17
1.46427e-17
1.3711e-17
1.39092e-17
1.4959e-17
1.7589e-17
2.02848e-17
2.37009e-17
2.63705e-17
2.80081e-17
2.90066e-17
2.95039e-17
2.97006e-17
2.97948e-17
2.98402e-17
2.98558e-17
2.98652e-17
2.9881e-17
2.98993e-17
2.99233e-17
2.99414e-17
2.99237e-17
2.99002e-17
2.98809e-17
2.98656e-17
2.98532e-17
2.98413e-17
2.98103e-17
2.97192e-17
2.95257e-17
2.90983e-17
2.81751e-17
2.65156e-17
2.41065e-17
2.04931e-17
1.75945e-17
1.4926e-17
1.40554e-17
1.7062e-17
1.75109e-17
1.88506e-17
2.10977e-17
2.37058e-17
2.62597e-17
2.78979e-17
2.88303e-17
2.93985e-17
2.96626e-17
2.97658e-17
2.98134e-17
2.98334e-17
2.98446e-17
2.98537e-17
2.98691e-17
2.98884e-17
2.99136e-17
2.99192e-17
2.98996e-17
2.98782e-17
2.98594e-17
2.98464e-17
2.98382e-17
2.98244e-17
2.97903e-17
2.97006e-17
2.95342e-17
2.90866e-17
2.8315e-17
2.67889e-17
2.50899e-17
2.20827e-17
1.96717e-17
1.84235e-17
1.69147e-17
1.70731e-17
1.86074e-17
2.03909e-17
2.29332e-17
2.55674e-17
2.73445e-17
2.85888e-17
2.92441e-17
2.95833e-17
2.97323e-17
2.98001e-17
2.98298e-17
2.98395e-17
2.98515e-17
2.98631e-17
2.98834e-17
2.99047e-17
2.99246e-17
2.9907e-17
2.98827e-17
2.98646e-17
2.9851e-17
2.98408e-17
2.98308e-17
2.98004e-17
2.97419e-17
2.95979e-17
2.92257e-17
2.8675e-17
2.76008e-17
2.56148e-17
2.32942e-17
2.09238e-17
1.83034e-17
1.74173e-17
2.07542e-17
2.13937e-17
2.2534e-17
2.42807e-17
2.61781e-17
2.75937e-17
2.85511e-17
2.91845e-17
2.9559e-17
2.97072e-17
2.97815e-17
2.98108e-17
2.98251e-17
2.98338e-17
2.98443e-17
2.98574e-17
2.98782e-17
2.9901e-17
2.99086e-17
2.98859e-17
2.98645e-17
2.98478e-17
2.98375e-17
2.9829e-17
2.9819e-17
2.97908e-17
2.97515e-17
2.9618e-17
2.93143e-17
2.88875e-17
2.79882e-17
2.66213e-17
2.48674e-17
2.32604e-17
2.23994e-17
2.13077e-17
2.1074e-17
2.2001e-17
2.37387e-17
2.56792e-17
2.71274e-17
2.8328e-17
2.90476e-17
2.94437e-17
2.96625e-17
2.9768e-17
2.9803e-17
2.98216e-17
2.98305e-17
2.98398e-17
2.98515e-17
2.98731e-17
2.98948e-17
2.99121e-17
2.9899e-17
2.98713e-17
2.98538e-17
2.98403e-17
2.98298e-17
2.98242e-17
2.98105e-17
2.97733e-17
2.96652e-17
2.94374e-17
2.9025e-17
2.83505e-17
2.71698e-17
2.54778e-17
2.38032e-17
2.21699e-17
2.10745e-17
2.47078e-17
2.48676e-17
2.59041e-17
2.67577e-17
2.77767e-17
2.8587e-17
2.9062e-17
2.94797e-17
2.96483e-17
2.97476e-17
2.97923e-17
2.98122e-17
2.98188e-17
2.98261e-17
2.98348e-17
2.98459e-17
2.98606e-17
2.98847e-17
2.98908e-17
2.98667e-17
2.98501e-17
2.98395e-17
2.98289e-17
2.98221e-17
2.98151e-17
2.98002e-17
2.97684e-17
2.96928e-17
2.95247e-17
2.92597e-17
2.87893e-17
2.79988e-17
2.71153e-17
2.60593e-17
2.52819e-17
2.4832e-17
2.48466e-17
2.54746e-17
2.64189e-17
2.74297e-17
2.83357e-17
2.89114e-17
2.9345e-17
2.95796e-17
2.97251e-17
2.97847e-17
2.98065e-17
2.98178e-17
2.98232e-17
2.98309e-17
2.98403e-17
2.98556e-17
2.98759e-17
2.98973e-17
2.98805e-17
2.98627e-17
2.98427e-17
2.98308e-17
2.98233e-17
2.98192e-17
2.9808e-17
2.97845e-17
2.97422e-17
2.9599e-17
2.93736e-17
2.89566e-17
2.83265e-17
2.75101e-17
2.63102e-17
2.5297e-17
2.50292e-17
2.7319e-17
2.74253e-17
2.77438e-17
2.83258e-17
2.87833e-17
2.91697e-17
2.94406e-17
2.95978e-17
2.97265e-17
2.97708e-17
2.98019e-17
2.98111e-17
2.98148e-17
2.98132e-17
2.98166e-17
2.98207e-17
2.98308e-17
2.98496e-17
2.98627e-17
2.98398e-17
2.98229e-17
2.98188e-17
2.98135e-17
2.9812e-17
2.98117e-17
2.98063e-17
2.9784e-17
2.97547e-17
2.96624e-17
2.95206e-17
2.92426e-17
2.89139e-17
2.85162e-17
2.78956e-17
2.74851e-17
2.73123e-17
2.74162e-17
2.76721e-17
2.80836e-17
2.85906e-17
2.90229e-17
2.93753e-17
2.95401e-17
2.9686e-17
2.9768e-17
2.97945e-17
2.98098e-17
2.98146e-17
2.98132e-17
2.98166e-17
2.98178e-17
2.98266e-17
2.98397e-17
2.9856e-17
2.98394e-17
2.98279e-17
2.98185e-17
2.98139e-17
2.98131e-17
2.98125e-17
2.98093e-17
2.97967e-17
2.9765e-17
2.96983e-17
2.95793e-17
2.9366e-17
2.90393e-17
2.86389e-17
2.80919e-17
2.76244e-17
2.72618e-17
2.87071e-17
2.87711e-17
2.88359e-17
2.91256e-17
2.93381e-17
2.95374e-17
2.96267e-17
2.97131e-17
2.97747e-17
2.97948e-17
2.98023e-17
2.98028e-17
2.97968e-17
2.97826e-17
2.97715e-17
2.97558e-17
2.97424e-17
2.976e-17
2.97576e-17
2.97407e-17
2.97566e-17
2.97653e-17
2.97762e-17
2.9794e-17
2.97987e-17
2.98039e-17
2.97983e-17
2.9782e-17
2.97471e-17
2.96776e-17
2.9555e-17
2.9391e-17
2.91889e-17
2.897e-17
2.888e-17
2.86683e-17
2.86694e-17
2.88166e-17
2.89589e-17
2.92573e-17
2.94087e-17
2.96069e-17
2.97061e-17
2.97572e-17
2.97861e-17
2.98004e-17
2.98047e-17
2.97978e-17
2.97903e-17
2.97731e-17
2.9764e-17
2.97579e-17
2.97505e-17
2.9759e-17
2.97517e-17
2.97585e-17
2.97587e-17
2.97722e-17
2.97859e-17
2.97985e-17
2.98049e-17
2.98016e-17
2.97917e-17
2.97627e-17
2.9696e-17
2.96041e-17
2.94598e-17
2.92283e-17
2.89921e-17
2.8845e-17
2.87367e-17
2.938e-17
2.9395e-17
2.94304e-17
2.95414e-17
2.96113e-17
2.96803e-17
2.97421e-17
2.97759e-17
2.97915e-17
2.98004e-17
2.9793e-17
2.978e-17
2.97501e-17
2.97034e-17
2.96449e-17
2.96014e-17
2.95674e-17
2.95461e-17
2.95139e-17
2.9543e-17
2.95999e-17
2.96204e-17
2.97015e-17
2.97416e-17
2.97683e-17
2.97905e-17
2.97995e-17
2.97981e-17
2.97798e-17
2.97501e-17
2.97107e-17
2.96446e-17
2.95622e-17
2.94894e-17
2.93173e-17
2.93557e-17
2.93931e-17
2.94018e-17
2.94881e-17
2.95893e-17
2.96642e-17
2.97344e-17
2.9761e-17
2.97887e-17
2.97984e-17
2.9798e-17
2.97857e-17
2.97645e-17
2.97157e-17
2.96817e-17
2.9628e-17
2.95642e-17
2.9533e-17
2.95382e-17
2.95421e-17
2.95528e-17
2.96369e-17
2.96721e-17
2.97291e-17
2.9759e-17
2.97825e-17
2.97979e-17
2.97997e-17
2.97877e-17
2.97607e-17
2.97288e-17
2.96648e-17
2.9578e-17
2.95219e-17
2.94322e-17
2.93535e-17
2.9685e-17
2.96928e-17
2.96996e-17
2.97241e-17
2.97383e-17
2.97699e-17
2.97905e-17
2.97978e-17
2.98007e-17
2.9796e-17
2.97752e-17
2.97269e-17
2.96525e-17
2.95559e-17
2.94366e-17
2.92762e-17
2.90996e-17
2.90676e-17
2.89338e-17
2.90335e-17
2.92326e-17
2.9373e-17
2.95041e-17
2.96256e-17
2.97098e-17
2.97583e-17
2.97895e-17
2.98005e-17
2.98005e-17
2.9794e-17
2.97763e-17
2.97496e-17
2.97276e-17
2.97159e-17
2.9678e-17
2.97071e-17
2.97038e-17
2.96935e-17
2.97042e-17
2.97372e-17
2.97611e-17
2.97828e-17
2.97956e-17
2.98003e-17
2.97976e-17
2.97848e-17
2.9744e-17
2.96844e-17
2.95685e-17
2.94739e-17
2.93136e-17
2.91741e-17
2.90377e-17
2.89937e-17
2.90244e-17
2.91813e-17
2.93401e-17
2.94634e-17
2.95909e-17
2.96772e-17
2.97453e-17
2.97791e-17
2.97989e-17
2.98023e-17
2.97963e-17
2.97828e-17
2.97577e-17
2.97483e-17
2.97113e-17
2.96936e-17
2.97124e-17
2.98393e-17
2.98162e-17
2.98105e-17
2.98084e-17
2.98065e-17
2.98083e-17
2.98115e-17
2.98077e-17
2.98019e-17
2.97741e-17
2.97211e-17
2.96386e-17
2.94781e-17
2.92267e-17
2.88833e-17
2.85621e-17
2.82567e-17
2.79993e-17
2.78612e-17
2.8246e-17
2.8412e-17
2.88272e-17
2.91489e-17
2.9385e-17
2.95786e-17
2.97001e-17
2.97639e-17
2.97942e-17
2.98057e-17
2.98075e-17
2.98043e-17
2.98048e-17
2.98053e-17
2.9806e-17
2.98089e-17
2.98296e-17
2.98303e-17
2.98089e-17
2.98055e-17
2.98035e-17
2.98027e-17
2.98082e-17
2.98068e-17
2.9803e-17
2.9787e-17
2.97404e-17
2.96607e-17
2.95389e-17
2.9279e-17
2.90343e-17
2.86189e-17
2.83052e-17
2.79786e-17
2.7954e-17
2.80464e-17
2.82274e-17
2.85317e-17
2.90268e-17
2.93003e-17
2.95187e-17
2.96637e-17
2.97381e-17
2.97854e-17
2.9802e-17
2.98084e-17
2.98072e-17
2.98006e-17
2.98039e-17
2.97983e-17
2.98118e-17
2.98232e-17
2.98911e-17
2.98679e-17
2.9851e-17
2.98343e-17
2.9826e-17
2.98185e-17
2.98159e-17
2.98085e-17
2.97896e-17
2.974e-17
2.96369e-17
2.94564e-17
2.91066e-17
2.86003e-17
2.80012e-17
2.72827e-17
2.65054e-17
2.59323e-17
2.59878e-17
2.61809e-17
2.69989e-17
2.77189e-17
2.83921e-17
2.89707e-17
2.93071e-17
2.9584e-17
2.97139e-17
2.97759e-17
2.98033e-17
2.98141e-17
2.98189e-17
2.98256e-17
2.98327e-17
2.98444e-17
2.98605e-17
2.98827e-17
2.9873e-17
2.98576e-17
2.9842e-17
2.98314e-17
2.98218e-17
2.98174e-17
2.98129e-17
2.97981e-17
2.97627e-17
2.96816e-17
2.95354e-17
2.91884e-17
2.8812e-17
2.80808e-17
2.75157e-17
2.67986e-17
2.61721e-17
2.58117e-17
2.60335e-17
2.68091e-17
2.73562e-17
2.80451e-17
2.88712e-17
2.9235e-17
2.95102e-17
2.96732e-17
2.9763e-17
2.97975e-17
2.98133e-17
2.98178e-17
2.98237e-17
2.98299e-17
2.98393e-17
2.98555e-17
2.98801e-17
2.99054e-17
2.98881e-17
2.98684e-17
2.98508e-17
2.98364e-17
2.9829e-17
2.98205e-17
2.98067e-17
2.97704e-17
2.96782e-17
2.94911e-17
2.91952e-17
2.85385e-17
2.76612e-17
2.63272e-17
2.49492e-17
2.35074e-17
2.25397e-17
2.25133e-17
2.33653e-17
2.44723e-17
2.59787e-17
2.72412e-17
2.82349e-17
2.9014e-17
2.94217e-17
2.96389e-17
2.97492e-17
2.97995e-17
2.9818e-17
2.9826e-17
2.9834e-17
2.98444e-17
2.98594e-17
2.9882e-17
2.99037e-17
2.98979e-17
2.98772e-17
2.98563e-17
2.98391e-17
2.98297e-17
2.98243e-17
2.98142e-17
2.97906e-17
2.97193e-17
2.96153e-17
2.93014e-17
2.87948e-17
2.8003e-17
2.67813e-17
2.52949e-17
2.39781e-17
2.28739e-17
2.25455e-17
2.3318e-17
2.40963e-17
2.54461e-17
2.68344e-17
2.79527e-17
2.87597e-17
2.92602e-17
2.95799e-17
2.9714e-17
2.97835e-17
2.98126e-17
2.98232e-17
2.98298e-17
2.98399e-17
2.98553e-17
2.98734e-17
2.98932e-17
2.99208e-17
2.98993e-17
2.98782e-17
2.98603e-17
2.98461e-17
2.98373e-17
2.9829e-17
2.97994e-17
2.9748e-17
2.96211e-17
2.92944e-17
2.88094e-17
2.79125e-17
2.60562e-17
2.42419e-17
2.16655e-17
2.02495e-17
1.84654e-17
1.84493e-17
1.95119e-17
2.08686e-17
2.31264e-17
2.57197e-17
2.72559e-17
2.84864e-17
2.92108e-17
2.95245e-17
2.97192e-17
2.97872e-17
2.98211e-17
2.98337e-17
2.98413e-17
2.98538e-17
2.98699e-17
2.98923e-17
2.99151e-17
2.99101e-17
2.98857e-17
2.98662e-17
2.98492e-17
2.98393e-17
2.98295e-17
2.98157e-17
2.977e-17
2.96888e-17
2.94111e-17
2.89871e-17
2.82062e-17
2.70803e-17
2.49574e-17
2.28572e-17
2.03159e-17
1.91975e-17
1.85726e-17
1.92089e-17
2.05038e-17
2.25096e-17
2.46911e-17
2.67915e-17
2.81906e-17
2.89764e-17
2.94324e-17
2.9665e-17
2.97588e-17
2.98148e-17
2.98272e-17
2.98399e-17
2.98488e-17
2.98637e-17
2.98828e-17
2.99084e-17
2.99335e-17
2.99182e-17
2.98918e-17
2.98758e-17
2.98607e-17
2.98475e-17
2.98362e-17
2.9805e-17
2.97269e-17
2.95506e-17
2.91383e-17
2.83771e-17
2.67739e-17
2.44171e-17
2.1355e-17
1.84637e-17
1.66672e-17
1.51409e-17
1.48837e-17
1.57894e-17
1.74105e-17
2.05652e-17
2.33347e-17
2.61956e-17
2.77931e-17
2.89218e-17
2.9426e-17
2.96758e-17
2.97854e-17
2.98299e-17
2.98443e-17
2.98557e-17
2.9866e-17
2.98824e-17
2.99099e-17
2.99284e-17
2.99229e-17
2.99034e-17
2.988e-17
2.98634e-17
2.9853e-17
2.98452e-17
2.98226e-17
2.97704e-17
2.9629e-17
2.92509e-17
2.87002e-17
2.75811e-17
2.53769e-17
2.2648e-17
1.95351e-17
1.68857e-17
1.53372e-17
1.493e-17
1.52969e-17
1.67532e-17
1.94118e-17
2.22633e-17
2.53e-17
2.73498e-17
2.86502e-17
2.92159e-17
2.96217e-17
2.97595e-17
2.9817e-17
2.98413e-17
2.98526e-17
2.98621e-17
2.98775e-17
2.98971e-17
2.99228e-17
2.99475e-17
2.99356e-17
2.99109e-17
2.98918e-17
2.98783e-17
2.98669e-17
2.98533e-17
2.98084e-17
2.97085e-17
2.94619e-17
2.8925e-17
2.76983e-17
2.58618e-17
2.28002e-17
1.90658e-17
1.61361e-17
1.36171e-17
1.25868e-17
1.23271e-17
1.30758e-17
1.501e-17
1.79495e-17
2.14853e-17
2.5174e-17
2.72217e-17
2.87432e-17
2.92722e-17
2.96359e-17
2.97822e-17
2.98376e-17
2.9864e-17
2.98752e-17
2.98875e-17
2.9906e-17
2.99255e-17
2.99481e-17
2.99404e-17
2.99215e-17
2.98993e-17
2.98839e-17
2.9872e-17
2.98591e-17
2.98254e-17
2.97522e-17
2.95974e-17
2.92003e-17
2.81684e-17
2.67966e-17
2.41861e-17
2.03499e-17
1.68843e-17
1.45406e-17
1.27705e-17
1.23312e-17
1.29553e-17
1.42475e-17
1.66473e-17
2.04035e-17
2.39595e-17
2.66321e-17
2.81268e-17
2.91263e-17
2.9561e-17
2.97398e-17
2.98209e-17
2.98547e-17
2.98702e-17
2.98855e-17
2.98991e-17
2.99196e-17
2.99409e-17
2.99661e-17
2.99549e-17
2.9934e-17
2.99155e-17
2.98997e-17
2.98878e-17
2.98674e-17
2.98247e-17
2.96971e-17
2.94141e-17
2.87254e-17
2.75885e-17
2.51736e-17
2.1707e-17
1.7402e-17
1.4698e-17
1.22426e-17
1.10278e-17
1.08286e-17
1.16181e-17
1.37108e-17
1.64717e-17
1.99455e-17
2.35592e-17
2.68934e-17
2.84139e-17
2.92397e-17
2.96034e-17
2.97872e-17
2.98569e-17
2.9884e-17
2.98966e-17
2.99103e-17
2.99276e-17
2.99455e-17
2.99648e-17
2.99563e-17
2.99421e-17
2.99218e-17
2.99047e-17
2.98938e-17
2.98803e-17
2.98477e-17
2.97661e-17
2.95381e-17
2.90568e-17
2.79626e-17
2.60963e-17
2.31495e-17
1.86147e-17
1.55795e-17
1.29066e-17
1.12488e-17
1.08798e-17
1.1215e-17
1.27328e-17
1.52294e-17
1.85157e-17
2.25016e-17
2.5913e-17
2.79608e-17
2.90271e-17
2.95108e-17
2.97461e-17
2.98402e-17
2.9878e-17
2.98905e-17
2.99056e-17
2.99202e-17
2.99398e-17
2.99624e-17
2.99692e-17
2.99677e-17
2.995e-17
2.99335e-17
2.99196e-17
2.99085e-17
2.98955e-17
2.98376e-17
2.97086e-17
2.94072e-17
2.87119e-17
2.73467e-17
2.50322e-17
2.12054e-17
1.69256e-17
1.38774e-17
1.16145e-17
1.05106e-17
1.02987e-17
1.11981e-17
1.27969e-17
1.56813e-17
1.97135e-17
2.35971e-17
2.66891e-17
2.83517e-17
2.92018e-17
2.96044e-17
2.98008e-17
2.98779e-17
2.99043e-17
2.99157e-17
2.99289e-17
2.9944e-17
2.99626e-17
2.99744e-17
2.99736e-17
2.99565e-17
2.99387e-17
2.99253e-17
2.99122e-17
2.9898e-17
2.98601e-17
2.97785e-17
2.95281e-17
2.9017e-17
2.79936e-17
2.60207e-17
2.25719e-17
1.85047e-17
1.4777e-17
1.22091e-17
1.07671e-17
1.0275e-17
1.07665e-17
1.21314e-17
1.46698e-17
1.81845e-17
2.23938e-17
2.55571e-17
2.78053e-17
2.90276e-17
2.95098e-17
2.97601e-17
2.98554e-17
2.98916e-17
2.99133e-17
2.99244e-17
2.99367e-17
2.99544e-17
2.99724e-17
2.99675e-17
2.99563e-17
2.99367e-17
2.99168e-17
2.99006e-17
2.98878e-17
2.98701e-17
2.98247e-17
2.96992e-17
2.9415e-17
2.87089e-17
2.75885e-17
2.51736e-17
2.15341e-17
1.77367e-17
1.45568e-17
1.19893e-17
1.08958e-17
1.07917e-17
1.16181e-17
1.35581e-17
1.62103e-17
1.98097e-17
2.39124e-17
2.68934e-17
2.84139e-17
2.9221e-17
2.9617e-17
2.97841e-17
2.98598e-17
2.98844e-17
2.98966e-17
2.99108e-17
2.99295e-17
2.99474e-17
2.99676e-17
2.99605e-17
2.99407e-17
2.99236e-17
2.99079e-17
2.98953e-17
2.98803e-17
2.98484e-17
2.97587e-17
2.9526e-17
2.90568e-17
2.79626e-17
2.62416e-17
2.27846e-17
1.86147e-17
1.53805e-17
1.29066e-17
1.12488e-17
1.07534e-17
1.11975e-17
1.27328e-17
1.5179e-17
1.85157e-17
2.25082e-17
2.59539e-17
2.79259e-17
2.89807e-17
2.95271e-17
2.97421e-17
2.98402e-17
2.9878e-17
2.98943e-17
2.99056e-17
2.99239e-17
2.99417e-17
2.99626e-17
2.99486e-17
2.9937e-17
2.99109e-17
2.98918e-17
2.98783e-17
2.98693e-17
2.98507e-17
2.98039e-17
2.97064e-17
2.94541e-17
2.89331e-17
2.77183e-17
2.60199e-17
2.28002e-17
1.90658e-17
1.57705e-17
1.34612e-17
1.25868e-17
1.22652e-17
1.28503e-17
1.501e-17
1.79495e-17
2.14739e-17
2.45544e-17
2.72277e-17
2.85897e-17
2.92722e-17
2.9642e-17
2.97829e-17
2.98386e-17
2.9864e-17
2.98777e-17
2.98889e-17
2.9906e-17
2.99279e-17
2.99481e-17
2.9943e-17
2.99215e-17
2.98977e-17
2.98869e-17
2.98743e-17
2.98612e-17
2.98202e-17
2.97522e-17
2.95944e-17
2.91822e-17
2.81679e-17
2.66103e-17
2.39339e-17
2.03499e-17
1.68843e-17
1.43488e-17
1.27705e-17
1.22631e-17
1.25488e-17
1.42475e-17
1.66473e-17
2.00269e-17
2.39547e-17
2.66622e-17
2.81268e-17
2.91347e-17
2.95483e-17
2.97372e-17
2.98222e-17
2.98585e-17
2.98717e-17
2.98855e-17
2.98991e-17
2.99196e-17
2.99438e-17
2.99373e-17
2.99182e-17
2.98929e-17
2.98758e-17
2.98614e-17
2.98475e-17
2.98362e-17
2.98053e-17
2.97225e-17
2.95159e-17
2.91265e-17
2.83723e-17
2.67739e-17
2.4251e-17
2.12669e-17
1.84326e-17
1.62394e-17
1.50377e-17
1.48837e-17
1.53985e-17
1.74292e-17
2.02609e-17
2.33347e-17
2.59744e-17
2.77668e-17
2.89135e-17
2.9426e-17
2.96761e-17
2.97904e-17
2.98304e-17
2.98454e-17
2.98573e-17
2.9866e-17
2.9889e-17
2.99099e-17
2.99296e-17
2.99229e-17
2.99034e-17
2.98815e-17
2.98632e-17
2.98528e-17
2.98476e-17
2.98226e-17
2.97664e-17
2.96277e-17
2.93049e-17
2.87002e-17
2.75811e-17
2.50814e-17
2.24152e-17
1.94091e-17
1.68857e-17
1.52199e-17
1.49322e-17
1.51692e-17
1.67532e-17
1.91338e-17
2.22633e-17
2.53e-17
2.72093e-17
2.85278e-17
2.92137e-17
2.96081e-17
2.97626e-17
2.98197e-17
2.98428e-17
2.9853e-17
2.98636e-17
2.98801e-17
2.99012e-17
2.99244e-17
2.99208e-17
2.98993e-17
2.98814e-17
2.98603e-17
2.98475e-17
2.98373e-17
2.98294e-17
2.9801e-17
2.97349e-17
2.96211e-17
2.92944e-17
2.8779e-17
2.78933e-17
2.60481e-17
2.42419e-17
2.16655e-17
1.96023e-17
1.84654e-17
1.84493e-17
1.90268e-17
2.08686e-17
2.31264e-17
2.55228e-17
2.72559e-17
2.84864e-17
2.92046e-17
2.95303e-17
2.97032e-17
2.97846e-17
2.98218e-17
2.98339e-17
2.98413e-17
2.98538e-17
2.98699e-17
2.98923e-17
2.99144e-17
2.99097e-17
2.9888e-17
2.98676e-17
2.98514e-17
2.984e-17
2.98297e-17
2.98143e-17
2.97743e-17
2.96689e-17
2.94123e-17
2.89871e-17
2.82062e-17
2.68271e-17
2.4912e-17
2.24767e-17
2.01083e-17
1.86968e-17
1.82211e-17
1.89021e-17
1.99039e-17
2.24169e-17
2.46911e-17
2.6693e-17
2.81906e-17
2.90356e-17
2.94324e-17
2.96681e-17
2.97655e-17
2.98148e-17
2.98286e-17
2.984e-17
2.98489e-17
2.98638e-17
2.98853e-17
2.99096e-17
2.99074e-17
2.98881e-17
2.98684e-17
2.98508e-17
2.98373e-17
2.9829e-17
2.98205e-17
2.98064e-17
2.97704e-17
2.96782e-17
2.94911e-17
2.91848e-17
2.85385e-17
2.7464e-17
2.62361e-17
2.47208e-17
2.35074e-17
2.24208e-17
2.25133e-17
2.30464e-17
2.4214e-17
2.56099e-17
2.72412e-17
2.81664e-17
2.90131e-17
2.94146e-17
2.96438e-17
2.97492e-17
2.97955e-17
2.9818e-17
2.9826e-17
2.98352e-17
2.98444e-17
2.98627e-17
2.9882e-17
2.99037e-17
2.98979e-17
2.98768e-17
2.98565e-17
2.98393e-17
2.98309e-17
2.98241e-17
2.98142e-17
2.97903e-17
2.97193e-17
2.95688e-17
2.92868e-17
2.87802e-17
2.78956e-17
2.67686e-17
2.52949e-17
2.35618e-17
2.28739e-17
2.21415e-17
2.24883e-17
2.3706e-17
2.53046e-17
2.63985e-17
2.79527e-17
2.87406e-17
2.9264e-17
2.95799e-17
2.97157e-17
2.97835e-17
2.98126e-17
2.98232e-17
2.983e-17
2.98399e-17
2.98556e-17
2.98743e-17
2.98932e-17
2.98914e-17
2.98705e-17
2.98525e-17
2.98351e-17
2.98274e-17
2.98203e-17
2.98159e-17
2.98101e-17
2.97905e-17
2.97429e-17
2.96369e-17
2.94159e-17
2.91066e-17
2.86003e-17
2.78232e-17
2.70624e-17
2.62137e-17
2.58672e-17
2.57066e-17
2.60504e-17
2.68604e-17
2.77518e-17
2.83373e-17
2.89707e-17
2.93071e-17
2.95768e-17
2.9709e-17
2.97772e-17
2.98033e-17
2.98147e-17
2.98193e-17
2.98263e-17
2.98327e-17
2.98462e-17
2.98605e-17
2.98836e-17
2.98765e-17
2.98614e-17
2.98443e-17
2.98314e-17
2.98237e-17
2.98185e-17
2.98124e-17
2.97981e-17
2.97625e-17
2.96816e-17
2.95354e-17
2.91884e-17
2.8812e-17
2.80808e-17
2.75246e-17
2.6608e-17
2.58678e-17
2.57546e-17
2.58778e-17
2.67636e-17
2.72143e-17
2.80451e-17
2.8686e-17
2.92184e-17
2.95155e-17
2.96716e-17
2.9763e-17
2.97975e-17
2.98131e-17
2.98178e-17
2.98237e-17
2.98303e-17
2.98414e-17
2.98555e-17
2.98801e-17
2.98393e-17
2.98259e-17
2.98107e-17
2.98084e-17
2.98065e-17
2.98099e-17
2.98115e-17
2.98078e-17
2.98019e-17
2.97741e-17
2.97068e-17
2.96243e-17
2.94481e-17
2.92256e-17
2.88833e-17
2.8543e-17
2.80739e-17
2.7786e-17
2.78612e-17
2.80109e-17
2.83498e-17
2.87563e-17
2.90691e-17
2.9385e-17
2.95705e-17
2.96808e-17
2.97639e-17
2.97901e-17
2.98057e-17
2.98074e-17
2.9805e-17
2.98062e-17
2.98046e-17
2.98124e-17
2.98215e-17
2.98296e-17
2.98303e-17
2.98137e-17
2.98069e-17
2.98035e-17
2.98059e-17
2.98082e-17
2.98068e-17
2.98032e-17
2.97857e-17
2.97364e-17
2.96607e-17
2.95294e-17
2.9279e-17
2.89719e-17
2.86189e-17
2.83052e-17
2.79063e-17
2.77563e-17
2.80464e-17
2.82274e-17
2.85317e-17
2.90087e-17
2.93003e-17
2.95187e-17
2.9663e-17
2.97345e-17
2.97854e-17
2.98028e-17
2.98096e-17
2.98083e-17
2.9805e-17
2.98063e-17
2.97983e-17
2.98118e-17
2.98232e-17
2.96937e-17
2.97091e-17
2.97111e-17
2.97317e-17
2.97463e-17
2.9774e-17
2.97931e-17
2.97985e-17
2.98007e-17
2.97949e-17
2.97759e-17
2.97198e-17
2.96377e-17
2.95559e-17
2.93694e-17
2.92037e-17
2.90805e-17
2.89736e-17
2.89338e-17
2.90335e-17
2.92208e-17
2.93318e-17
2.95041e-17
2.96042e-17
2.96965e-17
2.97559e-17
2.97894e-17
2.98006e-17
2.98016e-17
2.9794e-17
2.97802e-17
2.97578e-17
2.97276e-17
2.97159e-17
2.96965e-17
2.97071e-17
2.97038e-17
2.97129e-17
2.9725e-17
2.97444e-17
2.97691e-17
2.97828e-17
2.97968e-17
2.98012e-17
2.97976e-17
2.97832e-17
2.97408e-17
2.96844e-17
2.95685e-17
2.94424e-17
2.93136e-17
2.91224e-17
2.90186e-17
2.89937e-17
2.89728e-17
2.91407e-17
2.92887e-17
2.9444e-17
2.95691e-17
2.96646e-17
2.97396e-17
2.97791e-17
2.97975e-17
2.98023e-17
2.97973e-17
2.97851e-17
2.97731e-17
2.97515e-17
2.97247e-17
2.97062e-17
2.97124e-17
2.9408e-17
2.9424e-17
2.94304e-17
2.95649e-17
2.96229e-17
2.96891e-17
2.97449e-17
2.97759e-17
2.97916e-17
2.98004e-17
2.97925e-17
2.97776e-17
2.97437e-17
2.97034e-17
2.96321e-17
2.95922e-17
2.9537e-17
2.95461e-17
2.95001e-17
2.9543e-17
2.95814e-17
2.96204e-17
2.96844e-17
2.97416e-17
2.97683e-17
2.9788e-17
2.97984e-17
2.97983e-17
2.97798e-17
2.97501e-17
2.97131e-17
2.96626e-17
2.95698e-17
2.94894e-17
2.94662e-17
2.94054e-17
2.93931e-17
2.94657e-17
2.95184e-17
2.95967e-17
2.9679e-17
2.97344e-17
2.97663e-17
2.97887e-17
2.97999e-17
2.97964e-17
2.97844e-17
2.97606e-17
2.97157e-17
2.96817e-17
2.96116e-17
2.95642e-17
2.952e-17
2.95248e-17
2.95131e-17
2.95528e-17
2.9637e-17
2.96555e-17
2.97233e-17
2.97568e-17
2.97837e-17
2.97979e-17
2.97994e-17
2.97901e-17
2.97607e-17
2.97288e-17
2.96682e-17
2.96033e-17
2.9533e-17
2.94322e-17
2.94062e-17
2.8799e-17
2.87711e-17
2.89494e-17
2.9188e-17
2.93639e-17
2.95374e-17
2.96398e-17
2.97273e-17
2.97747e-17
2.9795e-17
2.9802e-17
2.98028e-17
2.97918e-17
2.97826e-17
2.97713e-17
2.97509e-17
2.97332e-17
2.97367e-17
2.97402e-17
2.97407e-17
2.97529e-17
2.97653e-17
2.97762e-17
2.97906e-17
2.97976e-17
2.98039e-17
2.97983e-17
2.97819e-17
2.9748e-17
2.96776e-17
2.95874e-17
2.94365e-17
2.91898e-17
2.89948e-17
2.888e-17
2.86868e-17
2.87936e-17
2.89143e-17
2.91036e-17
2.92821e-17
2.94905e-17
2.96058e-17
2.97102e-17
2.9762e-17
2.97875e-17
2.98004e-17
2.98033e-17
2.97972e-17
2.97903e-17
2.97731e-17
2.97553e-17
2.97435e-17
2.97505e-17
2.9759e-17
2.97486e-17
2.97414e-17
2.97587e-17
2.97668e-17
2.97859e-17
2.97956e-17
2.9805e-17
2.98017e-17
2.97929e-17
2.97627e-17
2.97017e-17
2.96041e-17
2.94782e-17
2.93019e-17
2.91077e-17
2.89307e-17
2.87367e-17
2.7319e-17
2.76765e-17
2.7927e-17
2.83258e-17
2.87833e-17
2.91958e-17
2.94552e-17
2.96028e-17
2.97287e-17
2.9774e-17
2.98029e-17
2.98111e-17
2.98144e-17
2.98132e-17
2.98146e-17
2.98207e-17
2.98249e-17
2.98457e-17
2.98516e-17
2.98346e-17
2.98222e-17
2.98131e-17
2.98114e-17
2.98114e-17
2.98105e-17
2.98063e-17
2.9788e-17
2.97547e-17
2.96726e-17
2.95206e-17
2.93096e-17
2.89139e-17
2.85162e-17
2.80328e-17
2.7516e-17
2.7392e-17
2.75672e-17
2.76721e-17
2.82556e-17
2.85906e-17
2.90229e-17
2.94145e-17
2.95617e-17
2.9686e-17
2.9768e-17
2.97949e-17
2.98077e-17
2.98117e-17
2.98132e-17
2.98143e-17
2.98137e-17
2.98266e-17
2.98397e-17
2.9856e-17
2.9832e-17
2.98266e-17
2.98157e-17
2.98139e-17
2.98131e-17
2.98118e-17
2.98085e-17
2.97967e-17
2.97662e-17
2.9708e-17
2.95947e-17
2.93661e-17
2.90683e-17
2.86703e-17
2.82605e-17
2.76244e-17
2.74139e-17
2.47078e-17
2.536e-17
2.59478e-17
2.67577e-17
2.78239e-17
2.8623e-17
2.91406e-17
2.94797e-17
2.96468e-17
2.97476e-17
2.97923e-17
2.98122e-17
2.98188e-17
2.9825e-17
2.98338e-17
2.9846e-17
2.98606e-17
2.98847e-17
2.98897e-17
2.98637e-17
2.98497e-17
2.98379e-17
2.98286e-17
2.98221e-17
2.98151e-17
2.98002e-17
2.97684e-17
2.97069e-17
2.95242e-17
2.92814e-17
2.87893e-17
2.80868e-17
2.73807e-17
2.62722e-17
2.55431e-17
2.49959e-17
2.51141e-17
2.54746e-17
2.65013e-17
2.74297e-17
2.83939e-17
2.89478e-17
2.93905e-17
2.95796e-17
2.97174e-17
2.9785e-17
2.98077e-17
2.98178e-17
2.9822e-17
2.98309e-17
2.98403e-17
2.98556e-17
2.98747e-17
2.98946e-17
2.98772e-17
2.98627e-17
2.98415e-17
2.98304e-17
2.98223e-17
2.98182e-17
2.98104e-17
2.97845e-17
2.97399e-17
2.96166e-17
2.93736e-17
2.89571e-17
2.83265e-17
2.76396e-17
2.66064e-17
2.55595e-17
2.53466e-17
2.14202e-17
2.13937e-17
2.29431e-17
2.4732e-17
2.62802e-17
2.77479e-17
2.86258e-17
2.92237e-17
2.9559e-17
2.97082e-17
2.97837e-17
2.98121e-17
2.98249e-17
2.98331e-17
2.98432e-17
2.98574e-17
2.98785e-17
2.9901e-17
2.99074e-17
2.98862e-17
2.98638e-17
2.98476e-17
2.98373e-17
2.98281e-17
2.9819e-17
2.97964e-17
2.97517e-17
2.96272e-17
2.93143e-17
2.89397e-17
2.79639e-17
2.67049e-17
2.49176e-17
2.33216e-17
2.23994e-17
2.13077e-17
2.15029e-17
2.28358e-17
2.4076e-17
2.56792e-17
2.74134e-17
2.83521e-17
2.90476e-17
2.94519e-17
2.96639e-17
2.97611e-17
2.98076e-17
2.98219e-17
2.98306e-17
2.98397e-17
2.98519e-17
2.98717e-17
2.98925e-17
2.99121e-17
2.98952e-17
2.98705e-17
2.98538e-17
2.98383e-17
2.98298e-17
2.98247e-17
2.98105e-17
2.97754e-17
2.9667e-17
2.9477e-17
2.90957e-17
2.83428e-17
2.7258e-17
2.56454e-17
2.4213e-17
2.26995e-17
2.12544e-17
1.70968e-17
1.77887e-17
1.92341e-17
2.16032e-17
2.38944e-17
2.61305e-17
2.78979e-17
2.88303e-17
2.93985e-17
2.96641e-17
2.97647e-17
2.98134e-17
2.98334e-17
2.98406e-17
2.98533e-17
2.98699e-17
2.98878e-17
2.99136e-17
2.99192e-17
2.98965e-17
2.98767e-17
2.98593e-17
2.9846e-17
2.98378e-17
2.98244e-17
2.97917e-17
2.97006e-17
2.95053e-17
2.90866e-17
2.84912e-17
2.69051e-17
2.50714e-17
2.2461e-17
2.02301e-17
1.84235e-17
1.75409e-17
1.75848e-17
1.86074e-17
2.03909e-17
2.29332e-17
2.55674e-17
2.7607e-17
2.86147e-17
2.92441e-17
2.96021e-17
2.97323e-17
2.98032e-17
2.98298e-17
2.98377e-17
2.98501e-17
2.9861e-17
2.98827e-17
2.99047e-17
2.99206e-17
2.99064e-17
2.98807e-17
2.98643e-17
2.9851e-17
2.98408e-17
2.98308e-17
2.98004e-17
2.9739e-17
2.96015e-17
2.92257e-17
2.8741e-17
2.75273e-17
2.56222e-17
2.37014e-17
2.09238e-17
1.87764e-17
1.74173e-17
1.40416e-17
1.43671e-17
1.60643e-17
1.88463e-17
2.11588e-17
2.47569e-17
2.71194e-17
2.84264e-17
2.92207e-17
2.95902e-17
2.97608e-17
2.9822e-17
2.98449e-17
2.98575e-17
2.98679e-17
2.98856e-17
2.9907e-17
2.99286e-17
2.99328e-17
2.99122e-17
2.98926e-17
2.98738e-17
2.98612e-17
2.98502e-17
2.98323e-17
2.97869e-17
2.96602e-17
2.94267e-17
2.87644e-17
2.78085e-17
2.56056e-17
2.2819e-17
1.92649e-17
1.67127e-17
1.48919e-17
1.40839e-17
1.39092e-17
1.55465e-17
1.75495e-17
2.02848e-17
2.37266e-17
2.65687e-17
2.81701e-17
2.90277e-17
2.95279e-17
2.97032e-17
2.97959e-17
2.98418e-17
2.98558e-17
2.98646e-17
2.98793e-17
2.9898e-17
2.99212e-17
2.99402e-17
2.9924e-17
2.98997e-17
2.98802e-17
2.98656e-17
2.98532e-17
2.98421e-17
2.98103e-17
2.97132e-17
2.95257e-17
2.91134e-17
2.81776e-17
2.68096e-17
2.41609e-17
2.09081e-17
1.79019e-17
1.58398e-17
1.40554e-17
1.17825e-17
1.22293e-17
1.41834e-17
1.63923e-17
2.00067e-17
2.35575e-17
2.63731e-17
2.8094e-17
2.90637e-17
2.95518e-17
2.97406e-17
2.98302e-17
2.98605e-17
2.98802e-17
2.98899e-17
2.99022e-17
2.99232e-17
2.99471e-17
2.9951e-17
2.99337e-17
2.99115e-17
2.98947e-17
2.98829e-17
2.987e-17
2.9844e-17
2.97844e-17
2.96417e-17
2.93118e-17
2.85045e-17
2.70161e-17
2.49031e-17
2.11325e-17
1.74321e-17
1.4726e-17
1.24719e-17
1.16767e-17
1.19609e-17
1.30305e-17
1.5314e-17
1.85726e-17
2.17762e-17
2.54274e-17
2.76704e-17
2.88184e-17
2.9393e-17
2.96858e-17
2.98134e-17
2.98511e-17
2.98739e-17
2.98869e-17
2.98984e-17
2.99182e-17
2.99423e-17
2.99583e-17
2.99418e-17
2.99163e-17
2.98984e-17
2.98868e-17
2.98729e-17
2.98556e-17
2.98077e-17
2.96915e-17
2.94399e-17
2.88858e-17
2.78769e-17
2.56716e-17
2.23497e-17
1.90461e-17
1.5423e-17
1.31849e-17
1.19408e-17
1.04816e-17
1.10196e-17
1.24301e-17
1.49097e-17
1.83379e-17
2.30241e-17
2.56995e-17
2.78732e-17
2.90756e-17
2.95152e-17
2.97499e-17
2.98444e-17
2.98842e-17
2.99e-17
2.99141e-17
2.99268e-17
2.99452e-17
2.99655e-17
2.99686e-17
2.99551e-17
2.99352e-17
2.99137e-17
2.99027e-17
2.98905e-17
2.98631e-17
2.97958e-17
2.96396e-17
2.92857e-17
2.84532e-17
2.69071e-17
2.40828e-17
1.99306e-17
1.58814e-17
1.31899e-17
1.13252e-17
1.06119e-17
1.07491e-17
1.17771e-17
1.38692e-17
1.73015e-17
2.12721e-17
2.50202e-17
2.72566e-17
2.8743e-17
2.94113e-17
2.97057e-17
2.98219e-17
2.98784e-17
2.98948e-17
2.99119e-17
2.99183e-17
2.99394e-17
2.99561e-17
2.99721e-17
2.9962e-17
2.99418e-17
2.99232e-17
2.99068e-17
2.98966e-17
2.98775e-17
2.98281e-17
2.97327e-17
2.94377e-17
2.87903e-17
2.74841e-17
2.52963e-17
2.15272e-17
1.72253e-17
1.40479e-17
1.19269e-17
1.09036e-17
