1.61362e-15
1.61574e-15
1.62156e-15
1.63201e-15
1.64603e-15
1.66053e-15
1.67831e-15
1.6966e-15
1.71244e-15
1.7291e-15
1.74433e-15
1.75636e-15
1.76798e-15
1.77735e-15
1.7848e-15
1.79194e-15
1.79804e-15
1.80225e-15
1.8038e-15
1.79931e-15
1.79464e-15
1.78808e-15
1.78034e-15
1.77182e-15
1.76069e-15
1.74827e-15
1.73462e-15
1.71837e-15
1.70152e-15
1.68445e-15
1.66643e-15
1.65147e-15
1.63646e-15
1.62563e-15
1.61696e-15
1.61389e-15
1.61427e-15
1.61903e-15
1.62791e-15
1.64094e-15
1.65487e-15
1.67226e-15
1.69049e-15
1.70653e-15
1.72373e-15
1.73778e-15
1.75208e-15
1.76437e-15
1.77455e-15
1.78306e-15
1.79037e-15
1.7963e-15
1.80056e-15
1.80501e-15
1.80097e-15
1.79651e-15
1.79042e-15
1.78388e-15
1.77515e-15
1.7647e-15
1.75376e-15
1.73973e-15
1.72465e-15
1.70874e-15
1.69065e-15
1.67322e-15
1.65696e-15
1.64099e-15
1.62869e-15
1.61987e-15
1.6145e-15
1.61536e-15
1.61696e-15
1.62303e-15
1.63359e-15
1.64698e-15
1.66111e-15
1.67848e-15
1.69627e-15
1.71162e-15
1.72782e-15
1.74251e-15
1.75408e-15
1.76493e-15
1.77413e-15
1.78245e-15
1.7884e-15
1.79363e-15
1.798e-15
1.79961e-15
1.79577e-15
1.79086e-15
1.78457e-15
1.77693e-15
1.76892e-15
1.75818e-15
1.74712e-15
1.73304e-15
1.71725e-15
1.70212e-15
1.6843e-15
1.66776e-15
1.65188e-15
1.63682e-15
1.62625e-15
1.61901e-15
1.61542e-15
1.61623e-15
1.62026e-15
1.62983e-15
1.64219e-15
1.65562e-15
1.67265e-15
1.6904e-15
1.70596e-15
1.72254e-15
1.7371e-15
1.74991e-15
1.76148e-15
1.77144e-15
1.77898e-15
1.78616e-15
1.79164e-15
1.79706e-15
1.80038e-15
1.79731e-15
1.79271e-15
1.78682e-15
1.77977e-15
1.77213e-15
1.76196e-15
1.75052e-15
1.73791e-15
1.7226e-15
1.7078e-15
1.69028e-15
1.67255e-15
1.65739e-15
1.64265e-15
1.63008e-15
1.62114e-15
1.61585e-15
1.62174e-15
1.62328e-15
1.62871e-15
1.63845e-15
1.65129e-15
1.6648e-15
1.68125e-15
1.69797e-15
1.71246e-15
1.72768e-15
1.7412e-15
1.75304e-15
1.76274e-15
1.77127e-15
1.77837e-15
1.7843e-15
1.78936e-15
1.79287e-15
1.79492e-15
1.791e-15
1.78629e-15
1.78064e-15
1.77367e-15
1.76613e-15
1.75611e-15
1.74498e-15
1.73256e-15
1.71759e-15
1.7033e-15
1.68658e-15
1.66983e-15
1.65555e-15
1.64268e-15
1.63162e-15
1.62526e-15
1.62218e-15
1.62244e-15
1.62625e-15
1.63515e-15
1.64551e-15
1.65969e-15
1.67574e-15
1.6924e-15
1.70702e-15
1.7228e-15
1.73704e-15
1.74801e-15
1.75876e-15
1.76817e-15
1.77587e-15
1.78209e-15
1.78756e-15
1.79209e-15
1.79583e-15
1.7925e-15
1.78797e-15
1.78259e-15
1.77685e-15
1.76902e-15
1.75957e-15
1.74981e-15
1.73717e-15
1.72363e-15
1.70877e-15
1.6921e-15
1.6766e-15
1.66079e-15
1.64731e-15
1.63486e-15
1.62698e-15
1.62256e-15
1.6323e-15
1.63386e-15
1.63812e-15
1.64622e-15
1.65877e-15
1.67139e-15
1.68637e-15
1.70161e-15
1.71476e-15
1.72865e-15
1.74055e-15
1.75088e-15
1.75966e-15
1.76713e-15
1.77365e-15
1.77923e-15
1.78433e-15
1.78754e-15
1.78927e-15
1.78546e-15
1.7811e-15
1.77567e-15
1.76977e-15
1.76313e-15
1.75421e-15
1.74494e-15
1.73288e-15
1.71932e-15
1.7063e-15
1.69092e-15
1.67715e-15
1.66241e-15
1.64955e-15
1.64046e-15
1.63512e-15
1.63172e-15
1.63249e-15
1.63546e-15
1.64334e-15
1.6527e-15
1.66652e-15
1.68124e-15
1.69508e-15
1.70983e-15
1.72407e-15
1.73669e-15
1.74776e-15
1.75709e-15
1.76529e-15
1.77144e-15
1.77718e-15
1.78261e-15
1.78608e-15
1.79041e-15
1.78639e-15
1.78296e-15
1.77827e-15
1.77193e-15
1.76584e-15
1.75742e-15
1.74866e-15
1.73717e-15
1.72399e-15
1.71126e-15
1.69606e-15
1.68069e-15
1.66735e-15
1.65493e-15
1.64391e-15
1.63625e-15
1.63276e-15
1.64606e-15
1.64711e-15
1.65077e-15
1.65939e-15
1.66757e-15
1.68013e-15
1.69306e-15
1.70652e-15
1.71793e-15
1.72964e-15
1.74004e-15
1.74968e-15
1.75743e-15
1.76307e-15
1.76835e-15
1.77374e-15
1.77684e-15
1.78109e-15
1.7816e-15
1.77914e-15
1.77487e-15
1.77102e-15
1.76589e-15
1.75967e-15
1.75219e-15
1.7437e-15
1.73401e-15
1.72212e-15
1.71069e-15
1.69697e-15
1.6834e-15
1.67223e-15
1.66101e-15
1.65263e-15
1.64831e-15
1.64562e-15
1.6458e-15
1.6484e-15
1.65558e-15
1.66505e-15
1.67594e-15
1.68894e-15
1.70213e-15
1.71387e-15
1.72598e-15
1.73645e-15
1.74677e-15
1.75463e-15
1.76163e-15
1.7673e-15
1.772e-15
1.77607e-15
1.77981e-15
1.78299e-15
1.77963e-15
1.77608e-15
1.77269e-15
1.76763e-15
1.76184e-15
1.75479e-15
1.7473e-15
1.73735e-15
1.72603e-15
1.71495e-15
1.70158e-15
1.68945e-15
1.6765e-15
1.6649e-15
1.65612e-15
1.65021e-15
1.64531e-15
1.66061e-15
1.66119e-15
1.66564e-15
1.67217e-15
1.6807e-15
1.68958e-15
1.7009e-15
1.71129e-15
1.72195e-15
1.73142e-15
1.73965e-15
1.7476e-15
1.7534e-15
1.75853e-15
1.76285e-15
1.76643e-15
1.76948e-15
1.77269e-15
1.77425e-15
1.77034e-15
1.76704e-15
1.76437e-15
1.76053e-15
1.75566e-15
1.74988e-15
1.74339e-15
1.73483e-15
1.72534e-15
1.71562e-15
1.70515e-15
1.69334e-15
1.68375e-15
1.67446e-15
1.66707e-15
1.662e-15
1.66038e-15
1.6604e-15
1.66336e-15
1.66931e-15
1.67673e-15
1.68537e-15
1.69728e-15
1.70713e-15
1.71845e-15
1.72825e-15
1.73809e-15
1.7452e-15
1.75137e-15
1.75758e-15
1.76119e-15
1.76582e-15
1.76821e-15
1.77213e-15
1.77428e-15
1.77156e-15
1.76875e-15
1.76559e-15
1.76169e-15
1.75717e-15
1.75198e-15
1.74594e-15
1.73813e-15
1.72871e-15
1.71938e-15
1.70902e-15
1.69758e-15
1.68756e-15
1.67776e-15
1.66984e-15
1.66422e-15
1.66069e-15
1.67837e-15
1.67851e-15
1.68116e-15
1.68653e-15
1.69284e-15
1.70119e-15
1.71002e-15
1.71841e-15
1.72659e-15
1.73403e-15
1.73976e-15
1.74529e-15
1.74921e-15
1.75253e-15
1.75612e-15
1.75743e-15
1.76092e-15
1.76209e-15
1.76295e-15
1.76164e-15
1.75857e-15
1.75631e-15
1.75424e-15
1.75081e-15
1.74718e-15
1.74187e-15
1.73607e-15
1.72872e-15
1.72128e-15
1.71229e-15
1.70365e-15
1.69505e-15
1.68891e-15
1.6826e-15
1.6791e-15
1.67805e-15
1.678e-15
1.6799e-15
1.68406e-15
1.68962e-15
1.69784e-15
1.70602e-15
1.71514e-15
1.72326e-15
1.73175e-15
1.73735e-15
1.74337e-15
1.74836e-15
1.75132e-15
1.75497e-15
1.7566e-15
1.7599e-15
1.76109e-15
1.76497e-15
1.76175e-15
1.75944e-15
1.75725e-15
1.75486e-15
1.75239e-15
1.74808e-15
1.74419e-15
1.7382e-15
1.73127e-15
1.72412e-15
1.71518e-15
1.70641e-15
1.69954e-15
1.69019e-15
1.68477e-15
1.68022e-15
1.67808e-15
1.69662e-15
1.69616e-15
1.69799e-15
1.70157e-15
1.7054e-15
1.71206e-15
1.71836e-15
1.72374e-15
1.73012e-15
1.73543e-15
1.73924e-15
1.74232e-15
1.74377e-15
1.74598e-15
1.74661e-15
1.74833e-15
1.74887e-15
1.75137e-15
1.75201e-15
1.74954e-15
1.74857e-15
1.7478e-15
1.74619e-15
1.74434e-15
1.74324e-15
1.74027e-15
1.73671e-15
1.73213e-15
1.72695e-15
1.72041e-15
1.71383e-15
1.70728e-15
1.70318e-15
1.69889e-15
1.69654e-15
1.69617e-15
1.69605e-15
1.69711e-15
1.69981e-15
1.70315e-15
1.70948e-15
1.71578e-15
1.7228e-15
1.72853e-15
1.73379e-15
1.73777e-15
1.74108e-15
1.74343e-15
1.74541e-15
1.7463e-15
1.74794e-15
1.74855e-15
1.75056e-15
1.75227e-15
1.74991e-15
1.7492e-15
1.74827e-15
1.74665e-15
1.74517e-15
1.74358e-15
1.74132e-15
1.73793e-15
1.73362e-15
1.72847e-15
1.72265e-15
1.71651e-15
1.71011e-15
1.70506e-15
1.69917e-15
1.69741e-15
1.69509e-15
1.71247e-15
1.71152e-15
1.71242e-15
1.71473e-15
1.7181e-15
1.7223e-15
1.726e-15
1.73018e-15
1.73346e-15
1.73576e-15
1.7372e-15
1.7378e-15
1.73773e-15
1.73792e-15
1.73667e-15
1.73708e-15
1.7365e-15
1.73815e-15
1.73968e-15
1.73667e-15
1.73701e-15
1.73649e-15
1.73802e-15
1.73808e-15
1.73866e-15
1.7376e-15
1.73645e-15
1.73413e-15
1.73115e-15
1.72729e-15
1.72349e-15
1.71936e-15
1.71581e-15
1.71305e-15
1.71166e-15
1.71197e-15
1.71163e-15
1.71202e-15
1.71367e-15
1.71664e-15
1.72059e-15
1.72537e-15
1.72862e-15
1.73224e-15
1.735e-15
1.73709e-15
1.73797e-15
1.73803e-15
1.73814e-15
1.73684e-15
1.7371e-15
1.73632e-15
1.73788e-15
1.73864e-15
1.73713e-15
1.7371e-15
1.73636e-15
1.73727e-15
1.73806e-15
1.73795e-15
1.73802e-15
1.73688e-15
1.73518e-15
1.73268e-15
1.72904e-15
1.72524e-15
1.72117e-15
1.71706e-15
1.71392e-15
1.71212e-15
1.71164e-15
1.7292e-15
1.72784e-15
1.72768e-15
1.7287e-15
1.73016e-15
1.73199e-15
1.73377e-15
1.73526e-15
1.73565e-15
1.73564e-15
1.73472e-15
1.7328e-15
1.73081e-15
1.72725e-15
1.72615e-15
1.72266e-15
1.72347e-15
1.72199e-15
1.72232e-15
1.72327e-15
1.72228e-15
1.72555e-15
1.72646e-15
1.72973e-15
1.732e-15
1.73387e-15
1.73544e-15
1.73593e-15
1.73516e-15
1.73435e-15
1.7326e-15
1.73074e-15
1.72911e-15
1.72796e-15
1.72772e-15
1.72859e-15
1.72816e-15
1.7276e-15
1.72824e-15
1.72944e-15
1.73161e-15
1.73308e-15
1.73437e-15
1.73546e-15
1.73575e-15
1.73531e-15
1.73372e-15
1.73184e-15
1.72867e-15
1.72697e-15
1.7234e-15
1.72358e-15
1.72167e-15
1.72467e-15
1.72353e-15
1.72282e-15
1.72462e-15
1.72627e-15
1.72897e-15
1.73164e-15
1.73362e-15
1.73486e-15
1.73576e-15
1.73577e-15
1.73504e-15
1.7334e-15
1.7316e-15
1.72967e-15
1.72831e-15
1.72764e-15
1.7281e-15
1.74438e-15
1.7425e-15
1.74079e-15
1.74104e-15
1.74074e-15
1.74038e-15
1.73987e-15
1.73898e-15
1.73732e-15
1.7346e-15
1.73068e-15
1.72695e-15
1.72239e-15
1.71749e-15
1.71277e-15
1.70944e-15
1.70661e-15
1.70691e-15
1.7071e-15
1.70785e-15
1.70872e-15
1.7122e-15
1.7161e-15
1.72086e-15
1.7253e-15
1.72932e-15
1.73364e-15
1.73638e-15
1.73847e-15
1.74001e-15
1.73979e-15
1.73979e-15
1.73976e-15
1.73989e-15
1.74064e-15
1.74207e-15
1.7431e-15
1.74178e-15
1.74115e-15
1.74081e-15
1.73997e-15
1.73999e-15
1.73959e-15
1.73791e-15
1.73582e-15
1.73229e-15
1.72883e-15
1.72347e-15
1.71947e-15
1.71366e-15
1.71076e-15
1.70695e-15
1.70689e-15
1.70678e-15
1.70776e-15
1.70778e-15
1.71144e-15
1.71429e-15
1.71892e-15
1.72341e-15
1.72864e-15
1.73232e-15
1.7356e-15
1.738e-15
1.73947e-15
1.73972e-15
1.74042e-15
1.73969e-15
1.74059e-15
1.74022e-15
1.74232e-15
1.75633e-15
1.75409e-15
1.7523e-15
1.75065e-15
1.74911e-15
1.74761e-15
1.74499e-15
1.74203e-15
1.73843e-15
1.73305e-15
1.72692e-15
1.71993e-15
1.71313e-15
1.70608e-15
1.69916e-15
1.69572e-15
1.69044e-15
1.69019e-15
1.69116e-15
1.68968e-15
1.69433e-15
1.69743e-15
1.70281e-15
1.71137e-15
1.71835e-15
1.72459e-15
1.7311e-15
1.73635e-15
1.74103e-15
1.7442e-15
1.74676e-15
1.7487e-15
1.75026e-15
1.75178e-15
1.75347e-15
1.75555e-15
1.75484e-15
1.75295e-15
1.75129e-15
1.75008e-15
1.74819e-15
1.74587e-15
1.74308e-15
1.73928e-15
1.73499e-15
1.72895e-15
1.72231e-15
1.71591e-15
1.70757e-15
1.70181e-15
1.69616e-15
1.69144e-15
1.69028e-15
1.68955e-15
1.68924e-15
1.69234e-15
1.69513e-15
1.7013e-15
1.70835e-15
1.71504e-15
1.72274e-15
1.72841e-15
1.73451e-15
1.7395e-15
1.74297e-15
1.74587e-15
1.74785e-15
1.74966e-15
1.7513e-15
1.7527e-15
1.75471e-15
1.76808e-15
1.7654e-15
1.76262e-15
1.76036e-15
1.75698e-15
1.75344e-15
1.74957e-15
1.74452e-15
1.73769e-15
1.73085e-15
1.72215e-15
1.71353e-15
1.70302e-15
1.69444e-15
1.68728e-15
1.67822e-15
1.67508e-15
1.67225e-15
1.67111e-15
1.67418e-15
1.67645e-15
1.68482e-15
1.69192e-15
1.69966e-15
1.70915e-15
1.71945e-15
1.72849e-15
1.73594e-15
1.74206e-15
1.74746e-15
1.75245e-15
1.75616e-15
1.75916e-15
1.76194e-15
1.76453e-15
1.76719e-15
1.76645e-15
1.76367e-15
1.76137e-15
1.75827e-15
1.755e-15
1.75103e-15
1.74633e-15
1.74087e-15
1.73267e-15
1.72517e-15
1.71662e-15
1.70648e-15
1.69799e-15
1.69058e-15
1.68088e-15
1.67669e-15
1.67251e-15
1.67333e-15
1.6735e-15
1.67573e-15
1.68163e-15
1.68853e-15
1.69761e-15
1.70581e-15
1.71598e-15
1.72504e-15
1.73279e-15
1.74027e-15
1.74633e-15
1.75083e-15
1.75465e-15
1.75802e-15
1.76085e-15
1.76345e-15
1.76611e-15
1.77704e-15
1.77483e-15
1.77157e-15
1.76748e-15
1.7634e-15
1.75905e-15
1.75259e-15
1.74598e-15
1.73797e-15
1.72727e-15
1.71736e-15
1.70642e-15
1.69412e-15
1.68333e-15
1.67235e-15
1.66507e-15
1.65846e-15
1.65594e-15
1.65561e-15
1.65795e-15
1.66338e-15
1.66967e-15
1.68015e-15
1.69083e-15
1.70182e-15
1.71262e-15
1.72456e-15
1.73389e-15
1.74319e-15
1.75079e-15
1.75709e-15
1.76165e-15
1.76588e-15
1.76956e-15
1.77286e-15
1.77595e-15
1.77514e-15
1.77285e-15
1.76891e-15
1.76531e-15
1.75999e-15
1.75531e-15
1.74788e-15
1.7405e-15
1.73188e-15
1.72223e-15
1.71073e-15
1.69821e-15
1.68697e-15
1.67579e-15
1.66817e-15
1.65957e-15
1.65666e-15
1.65694e-15
1.65747e-15
1.66071e-15
1.66616e-15
1.67643e-15
1.68645e-15
1.698e-15
1.70871e-15
1.72027e-15
1.73089e-15
1.73983e-15
1.74801e-15
1.75475e-15
1.76045e-15
1.76428e-15
1.76895e-15
1.77157e-15
1.77552e-15
1.78566e-15
1.78229e-15
1.77826e-15
1.77426e-15
1.76869e-15
1.76283e-15
1.7561e-15
1.74652e-15
1.73673e-15
1.7261e-15
1.71275e-15
1.69899e-15
1.68644e-15
1.67285e-15
1.6607e-15
1.65175e-15
1.64461e-15
1.6421e-15
1.64166e-15
1.64296e-15
1.64801e-15
1.65775e-15
1.66909e-15
1.68114e-15
1.69506e-15
1.70753e-15
1.72092e-15
1.73328e-15
1.74313e-15
1.75294e-15
1.7598e-15
1.76675e-15
1.77224e-15
1.77687e-15
1.78074e-15
1.78427e-15
1.78288e-15
1.77937e-15
1.77646e-15
1.77071e-15
1.76499e-15
1.75787e-15
1.75038e-15
1.74153e-15
1.72881e-15
1.7174e-15
1.70526e-15
1.69095e-15
1.67716e-15
1.66507e-15
1.6554e-15
1.64689e-15
1.64234e-15
1.64025e-15
1.64145e-15
1.64629e-15
1.6547e-15
1.66497e-15
1.67647e-15
1.69032e-15
1.70287e-15
1.71668e-15
1.72894e-15
1.74071e-15
1.75014e-15
1.75829e-15
1.76467e-15
1.77024e-15
1.77508e-15
1.77923e-15
1.78296e-15
1.79222e-15
1.78818e-15
1.7845e-15
1.77895e-15
1.77374e-15
1.76649e-15
1.75748e-15
1.74846e-15
1.73707e-15
1.72273e-15
1.70955e-15
1.69566e-15
1.67805e-15
1.66427e-15
1.65174e-15
1.63981e-15
1.63336e-15
1.62872e-15
1.62786e-15
1.63168e-15
1.63736e-15
1.64753e-15
1.65866e-15
1.67351e-15
1.6894e-15
1.70342e-15
1.71867e-15
1.73265e-15
1.7446e-15
1.75407e-15
1.76434e-15
1.77141e-15
1.77767e-15
1.78282e-15
1.78726e-15
1.79119e-15
1.78959e-15
1.78615e-15
1.78124e-15
1.77511e-15
1.76898e-15
1.76167e-15
1.75133e-15
1.74054e-15
1.72902e-15
1.71566e-15
1.6991e-15
1.68501e-15
1.67085e-15
1.65626e-15
1.64469e-15
1.63474e-15
1.62899e-15
1.62867e-15
1.63005e-15
1.63451e-15
1.64319e-15
1.6556e-15
1.66842e-15
1.68408e-15
1.69818e-15
1.71364e-15
1.72818e-15
1.74007e-15
1.75073e-15
1.76035e-15
1.7687e-15
1.77535e-15
1.78083e-15
1.78564e-15
1.78969e-15
1.79801e-15
1.7935e-15
1.78921e-15
1.78423e-15
1.7768e-15
1.76949e-15
1.7609e-15
1.74892e-15
1.73657e-15
1.72346e-15
1.70656e-15
1.69037e-15
1.67509e-15
1.65985e-15
1.64473e-15
1.63237e-15
1.62476e-15
1.62003e-15
1.61927e-15
1.62196e-15
1.62929e-15
1.64027e-15
1.65388e-15
1.66858e-15
1.68559e-15
1.70184e-15
1.71729e-15
1.73252e-15
1.74504e-15
1.75641e-15
1.76653e-15
1.77399e-15
1.7817e-15
1.78748e-15
1.79223e-15
1.79629e-15
1.79526e-15
1.7913e-15
1.78557e-15
1.77999e-15
1.77247e-15
1.76311e-15
1.75351e-15
1.74171e-15
1.72685e-15
1.7129e-15
1.6981e-15
1.68025e-15
1.66405e-15
1.64934e-15
1.63748e-15
1.62613e-15
1.62081e-15
1.61952e-15
1.62084e-15
1.62718e-15
1.63618e-15
1.64776e-15
1.66305e-15
1.68001e-15
1.69517e-15
1.71201e-15
1.72765e-15
1.74023e-15
1.7527e-15
1.76311e-15
1.77249e-15
1.77903e-15
1.78537e-15
1.79037e-15
1.79469e-15
1.80217e-15
1.79836e-15
1.79289e-15
1.78751e-15
1.78107e-15
1.77271e-15
1.76211e-15
1.75132e-15
1.73819e-15
1.72193e-15
1.70689e-15
1.69012e-15
1.6723e-15
1.65592e-15
1.64124e-15
1.62838e-15
1.62018e-15
1.6155e-15
1.6142e-15
1.61747e-15
1.62483e-15
1.6365e-15
1.65126e-15
1.66624e-15
1.6841e-15
1.69998e-15
1.71736e-15
1.73341e-15
1.74627e-15
1.75897e-15
1.76957e-15
1.77817e-15
1.78549e-15
1.79156e-15
1.79686e-15
1.80102e-15
1.7997e-15
1.79534e-15
1.79045e-15
1.78294e-15
1.77555e-15
1.76699e-15
1.75468e-15
1.74235e-15
1.72905e-15
1.71355e-15
1.69508e-15
1.67905e-15
1.66253e-15
1.64621e-15
1.63274e-15
1.62274e-15
1.61636e-15
1.61441e-15
1.61594e-15
1.62166e-15
1.63207e-15
1.64524e-15
1.66032e-15
1.67804e-15
1.69405e-15
1.71164e-15
1.72816e-15
1.74152e-15
1.75487e-15
1.76613e-15
1.77552e-15
1.78258e-15
1.78926e-15
1.79505e-15
1.79945e-15
1.80362e-15
1.79946e-15
1.79443e-15
1.78897e-15
1.78164e-15
1.7739e-15
1.76355e-15
1.75126e-15
1.73883e-15
1.72323e-15
1.70613e-15
1.69013e-15
1.67205e-15
1.65666e-15
1.64091e-15
1.62801e-15
1.61934e-15
1.61449e-15
1.61368e-15
1.61672e-15
1.62479e-15
1.6352e-15
1.65116e-15
1.66727e-15
1.68317e-15
1.70035e-15
1.71862e-15
1.73295e-15
1.74704e-15
1.76035e-15
1.76992e-15
1.77975e-15
1.78651e-15
1.79343e-15
1.79822e-15
1.80235e-15
1.80091e-15
1.79684e-15
1.79119e-15
1.78431e-15
1.77698e-15
1.7672e-15
1.75559e-15
1.74366e-15
1.72858e-15
1.71383e-15
1.69621e-15
1.67802e-15
1.66231e-15
1.64569e-15
1.63182e-15
1.6219e-15
1.6155e-15
1.61382e-15
1.61567e-15
1.62164e-15
1.63234e-15
1.64492e-15
1.65944e-15
1.67913e-15
1.6952e-15
1.71095e-15
1.72873e-15
1.74288e-15
1.75485e-15
1.76737e-15
1.77601e-15
1.78411e-15
1.79047e-15
1.79623e-15
1.80076e-15
1.79955e-15
1.79549e-15
1.79112e-15
1.78526e-15
1.77834e-15
1.77094e-15
1.761e-15
1.74935e-15
1.73747e-15
1.72245e-15
1.70607e-15
1.69076e-15
1.67327e-15
1.65833e-15
1.64262e-15
1.63131e-15
1.62222e-15
1.61761e-15
1.61686e-15
1.62007e-15
1.62684e-15
1.63842e-15
1.65202e-15
1.6665e-15
1.68573e-15
1.70126e-15
1.7162e-15
1.73268e-15
1.7457e-15
1.75652e-15
1.76788e-15
1.77643e-15
1.78226e-15
1.78882e-15
1.79401e-15
1.79793e-15
1.79699e-15
1.7925e-15
1.78728e-15
1.78073e-15
1.77379e-15
1.76453e-15
1.75343e-15
1.74215e-15
1.72771e-15
1.71359e-15
1.69663e-15
1.67911e-15
1.66388e-15
1.64769e-15
1.63543e-15
1.62471e-15
1.61872e-15
1.6173e-15
1.61858e-15
1.62474e-15
1.63424e-15
1.64609e-15
1.66284e-15
1.67805e-15
1.69448e-15
1.71257e-15
1.7268e-15
1.73979e-15
1.75409e-15
1.76351e-15
1.77337e-15
1.78101e-15
1.7867e-15
1.79207e-15
1.79643e-15
1.79427e-15
1.79058e-15
1.78587e-15
1.78069e-15
1.77453e-15
1.76774e-15
1.75865e-15
1.74809e-15
1.73702e-15
1.72315e-15
1.70791e-15
1.69361e-15
1.67731e-15
1.66324e-15
1.64864e-15
1.63709e-15
1.62862e-15
1.6254e-15
1.62494e-15
1.62773e-15
1.63358e-15
1.64535e-15
1.6575e-15
1.6727e-15
1.68709e-15
1.70214e-15
1.71896e-15
1.73178e-15
1.74565e-15
1.75539e-15
1.76472e-15
1.77246e-15
1.77928e-15
1.78467e-15
1.78922e-15
1.79316e-15
1.79192e-15
1.78766e-15
1.78252e-15
1.77685e-15
1.77054e-15
1.76192e-15
1.75178e-15
1.74132e-15
1.72793e-15
1.7148e-15
1.69886e-15
1.68253e-15
1.66833e-15
1.65314e-15
1.64084e-15
1.63244e-15
1.62697e-15
1.62459e-15
1.62601e-15
1.63205e-15
1.64062e-15
1.65262e-15
1.6656e-15
1.68204e-15
1.69792e-15
1.71211e-15
1.72779e-15
1.7403e-15
1.75141e-15
1.76161e-15
1.7698e-15
1.77676e-15
1.78264e-15
1.78743e-15
1.79164e-15
1.78812e-15
1.78483e-15
1.7806e-15
1.77559e-15
1.77009e-15
1.76437e-15
1.75646e-15
1.74703e-15
1.73734e-15
1.72481e-15
1.71108e-15
1.69819e-15
1.68333e-15
1.66915e-15
1.657e-15
1.64799e-15
1.64036e-15
1.63608e-15
1.63562e-15
1.63725e-15
1.64522e-15
1.65374e-15
1.66552e-15
1.67789e-15
1.6939e-15
1.70699e-15
1.71935e-15
1.7332e-15
1.74341e-15
1.75347e-15
1.76189e-15
1.76876e-15
1.77414e-15
1.7789e-15
1.78305e-15
1.78672e-15
1.78612e-15
1.78186e-15
1.77737e-15
1.77256e-15
1.76669e-15
1.75917e-15
1.75043e-15
1.74099e-15
1.72908e-15
1.71628e-15
1.70312e-15
1.6884e-15
1.67561e-15
1.66124e-15
1.65066e-15
1.64153e-15
1.63746e-15
1.63713e-15
1.63669e-15
1.64184e-15
1.64924e-15
1.66094e-15
1.67469e-15
1.68761e-15
1.70093e-15
1.7165e-15
1.72815e-15
1.74026e-15
1.75047e-15
1.75893e-15
1.76636e-15
1.77202e-15
1.77709e-15
1.78153e-15
1.78528e-15
1.78007e-15
1.77676e-15
1.77436e-15
1.77013e-15
1.76573e-15
1.76009e-15
1.75374e-15
1.74588e-15
1.73763e-15
1.72706e-15
1.71551e-15
1.70388e-15
1.69096e-15
1.67907e-15
1.66893e-15
1.65889e-15
1.65375e-15
1.65161e-15
1.65104e-15
1.65213e-15
1.65675e-15
1.66663e-15
1.67584e-15
1.68793e-15
1.69898e-15
1.71058e-15
1.72361e-15
1.73303e-15
1.74372e-15
1.7509e-15
1.7585e-15
1.76413e-15
1.76814e-15
1.77213e-15
1.77562e-15
1.77896e-15
1.77814e-15
1.77493e-15
1.77166e-15
1.76704e-15
1.762e-15
1.75609e-15
1.74881e-15
1.741e-15
1.73073e-15
1.72069e-15
1.70834e-15
1.69522e-15
1.68415e-15
1.67174e-15
1.66267e-15
1.65594e-15
1.65194e-15
1.6504e-15
1.65089e-15
1.65397e-15
1.66223e-15
1.672e-15
1.68237e-15
1.69485e-15
1.70749e-15
1.71837e-15
1.73081e-15
1.73942e-15
1.7488e-15
1.75602e-15
1.76192e-15
1.76724e-15
1.77058e-15
1.77509e-15
1.77763e-15
1.77153e-15
1.76863e-15
1.76584e-15
1.76342e-15
1.75923e-15
1.75546e-15
1.75054e-15
1.74458e-15
1.73815e-15
1.72968e-15
1.72019e-15
1.71056e-15
1.6995e-15
1.6905e-15
1.68084e-15
1.67473e-15
1.66785e-15
1.66735e-15
1.66719e-15
1.66651e-15
1.67314e-15
1.67828e-15
1.68786e-15
1.69684e-15
1.70628e-15
1.71709e-15
1.72722e-15
1.73524e-15
1.74254e-15
1.74897e-15
1.75404e-15
1.75828e-15
1.76183e-15
1.76491e-15
1.76775e-15
1.77071e-15
1.76984e-15
1.76689e-15
1.76367e-15
1.76069e-15
1.75688e-15
1.7523e-15
1.74669e-15
1.74064e-15
1.73255e-15
1.72358e-15
1.71416e-15
1.70437e-15
1.69412e-15
1.68454e-15
1.67597e-15
1.66957e-15
1.66778e-15
1.66532e-15
1.66684e-15
1.6711e-15
1.67517e-15
1.6838e-15
1.69244e-15
1.7025e-15
1.71352e-15
1.72352e-15
1.73135e-15
1.73987e-15
1.7467e-15
1.75207e-15
1.75667e-15
1.76052e-15
1.76363e-15
1.76667e-15
1.76951e-15
1.76051e-15
1.75799e-15
1.75608e-15
1.75436e-15
1.75193e-15
1.75e-15
1.74692e-15
1.74314e-15
1.73833e-15
1.73213e-15
1.72496e-15
1.71687e-15
1.7098e-15
1.70204e-15
1.69466e-15
1.68858e-15
1.68592e-15
1.68314e-15
1.68304e-15
1.68578e-15
1.68711e-15
1.69283e-15
1.70011e-15
1.70686e-15
1.71489e-15
1.72269e-15
1.72957e-15
1.73594e-15
1.74147e-15
1.74549e-15
1.74886e-15
1.75125e-15
1.75343e-15
1.75539e-15
1.75727e-15
1.75969e-15
1.75899e-15
1.75677e-15
1.75512e-15
1.75282e-15
1.75034e-15
1.74798e-15
1.74437e-15
1.73994e-15
1.73435e-15
1.72766e-15
1.72087e-15
1.71321e-15
1.70403e-15
1.69755e-15
1.69078e-15
1.68648e-15
1.68339e-15
1.68459e-15
1.68439e-15
1.68556e-15
1.69143e-15
1.69707e-15
1.70359e-15
1.71221e-15
1.71969e-15
1.72674e-15
1.73379e-15
1.73975e-15
1.74409e-15
1.74751e-15
1.75025e-15
1.75267e-15
1.75458e-15
1.75646e-15
1.75871e-15
1.74906e-15
1.747e-15
1.74567e-15
1.7447e-15
1.74403e-15
1.7427e-15
1.74208e-15
1.74001e-15
1.73761e-15
1.73401e-15
1.72988e-15
1.72439e-15
1.71947e-15
1.71259e-15
1.70839e-15
1.70378e-15
1.70182e-15
1.70011e-15
1.70038e-15
1.70127e-15
1.70217e-15
1.70698e-15
1.71087e-15
1.71763e-15
1.72279e-15
1.72847e-15
1.73318e-15
1.73653e-15
1.73964e-15
1.74164e-15
1.74314e-15
1.74391e-15
1.74467e-15
1.74548e-15
1.74647e-15
1.74837e-15
1.74779e-15
1.74611e-15
1.74506e-15
1.74429e-15
1.74348e-15
1.74226e-15
1.74104e-15
1.73869e-15
1.73545e-15
1.7316e-15
1.72645e-15
1.72075e-15
1.71478e-15
1.71055e-15
1.70456e-15
1.70256e-15
1.70016e-15
1.70164e-15
1.70108e-15
1.70165e-15
1.70529e-15
1.70986e-15
1.71543e-15
1.72084e-15
1.72648e-15
1.73083e-15
1.73546e-15
1.73879e-15
1.74053e-15
1.74237e-15
1.74367e-15
1.74386e-15
1.7451e-15
1.74539e-15
1.74759e-15
1.73447e-15
1.73292e-15
1.73252e-15
1.73294e-15
1.73412e-15
1.73474e-15
1.73572e-15
1.7365e-15
1.73655e-15
1.73544e-15
1.7337e-15
1.73084e-15
1.72839e-15
1.72482e-15
1.72038e-15
1.71949e-15
1.71643e-15
1.7183e-15
1.71855e-15
1.71621e-15
1.71896e-15
1.71949e-15
1.72398e-15
1.72618e-15
1.72972e-15
1.73309e-15
1.73457e-15
1.7363e-15
1.73656e-15
1.73648e-15
1.73549e-15
1.73428e-15
1.73308e-15
1.73269e-15
1.73266e-15
1.73386e-15
1.73335e-15
1.73252e-15
1.73273e-15
1.73339e-15
1.73458e-15
1.7356e-15
1.73656e-15
1.73674e-15
1.73576e-15
1.73413e-15
1.73152e-15
1.72888e-15
1.72609e-15
1.72174e-15
1.72034e-15
1.71675e-15
1.71805e-15
1.71718e-15
1.7172e-15
1.71844e-15
1.71843e-15
1.72266e-15
1.7255e-15
1.7286e-15
1.73132e-15
1.73403e-15
1.7358e-15
1.73647e-15
1.73666e-15
1.73598e-15
1.73472e-15
1.73362e-15
1.73272e-15
1.73249e-15
1.73328e-15
1.71815e-15
1.7172e-15
1.71764e-15
1.71946e-15
1.72233e-15
1.7255e-15
1.7286e-15
1.73189e-15
1.73431e-15
1.73603e-15
1.73647e-15
1.73625e-15
1.73527e-15
1.73407e-15
1.73362e-15
1.73199e-15
1.73249e-15
1.7325e-15
1.733e-15
1.7327e-15
1.73183e-15
1.73305e-15
1.73383e-15
1.7352e-15
1.73564e-15
1.73648e-15
1.73618e-15
1.73487e-15
1.7333e-15
1.73014e-15
1.72673e-15
1.72333e-15
1.72027e-15
1.71821e-15
1.7171e-15
1.71768e-15
1.71729e-15
1.71733e-15
1.71879e-15
1.72101e-15
1.72416e-15
1.72752e-15
1.73106e-15
1.73358e-15
1.73538e-15
1.73636e-15
1.73667e-15
1.7357e-15
1.73458e-15
1.73396e-15
1.73216e-15
1.73249e-15
1.73211e-15
1.73467e-15
1.73292e-15
1.73171e-15
1.73294e-15
1.73326e-15
1.73474e-15
1.73572e-15
1.7365e-15
1.73637e-15
1.73544e-15
1.7337e-15
1.73141e-15
1.72839e-15
1.72482e-15
1.72145e-15
1.71949e-15
1.71739e-15
1.71732e-15
1.70262e-15
1.70211e-15
1.70347e-15
1.70653e-15
1.70986e-15
1.71543e-15
1.72172e-15
1.72648e-15
1.73156e-15
1.73546e-15
1.7386e-15
1.74053e-15
1.74237e-15
1.74274e-15
1.74386e-15
1.74385e-15
1.74539e-15
1.74614e-15
1.74711e-15
1.74575e-15
1.74413e-15
1.74387e-15
1.74268e-15
1.74272e-15
1.74127e-15
1.73947e-15
1.73669e-15
1.73297e-15
1.72842e-15
1.72288e-15
1.71707e-15
1.71151e-15
1.70784e-15
1.7043e-15
1.70227e-15
1.70216e-15
1.70202e-15
1.7026e-15
1.70525e-15
1.70919e-15
1.71319e-15
1.71976e-15
1.72475e-15
1.73008e-15
1.73409e-15
1.73726e-15
1.7402e-15
1.74183e-15
1.74251e-15
1.74366e-15
1.74367e-15
1.745e-15
1.74572e-15
1.74823e-15
1.74646e-15
1.74426e-15
1.74416e-15
1.74304e-15
1.74316e-15
1.74158e-15
1.74034e-15
1.73761e-15
1.73436e-15
1.72988e-15
1.72529e-15
1.71947e-15
1.7137e-15
1.70839e-15
1.70545e-15
1.70182e-15
1.70208e-15
1.6844e-15
1.68439e-15
1.68681e-15
1.69143e-15
1.69707e-15
1.70499e-15
1.71221e-15
1.72077e-15
1.72822e-15
1.73436e-15
1.73975e-15
1.74409e-15
1.74759e-15
1.7509e-15
1.75237e-15
1.75531e-15
1.75602e-15
1.7596e-15
1.76042e-15
1.75668e-15
1.75523e-15
1.75322e-15
1.75098e-15
1.74925e-15
1.74571e-15
1.74156e-15
1.73623e-15
1.72975e-15
1.72347e-15
1.71536e-15
1.70743e-15
1.70045e-15
1.6935e-15
1.68813e-15
1.68483e-15
1.6841e-15
1.68406e-15
1.68558e-15
1.68941e-15
1.69557e-15
1.70177e-15
1.71004e-15
1.71756e-15
1.72524e-15
1.73215e-15
1.73797e-15
1.74265e-15
1.74632e-15
1.74977e-15
1.75151e-15
1.75456e-15
1.75529e-15
1.75859e-15
1.75975e-15
1.7576e-15
1.75608e-15
1.75402e-15
1.75193e-15
1.75032e-15
1.74692e-15
1.74314e-15
1.73833e-15
1.73213e-15
1.72585e-15
1.71809e-15
1.7098e-15
1.70204e-15
1.69614e-15
1.68996e-15
1.68592e-15
1.6842e-15
1.6663e-15
1.66684e-15
1.67069e-15
1.67669e-15
1.6838e-15
1.69394e-15
1.70377e-15
1.71352e-15
1.72352e-15
1.73279e-15
1.74063e-15
1.74725e-15
1.75207e-15
1.75678e-15
1.76052e-15
1.76348e-15
1.76667e-15
1.76926e-15
1.77014e-15
1.76823e-15
1.76433e-15
1.76129e-15
1.75846e-15
1.75396e-15
1.7488e-15
1.7431e-15
1.73542e-15
1.72672e-15
1.71779e-15
1.70694e-15
1.69782e-15
1.68816e-15
1.67917e-15
1.67203e-15
1.66755e-15
1.66618e-15
1.66622e-15
1.66881e-15
1.67407e-15
1.68156e-15
1.68988e-15
1.70069e-15
1.70998e-15
1.7206e-15
1.72939e-15
1.7377e-15
1.7443e-15
1.75019e-15
1.75507e-15
1.75981e-15
1.76227e-15
1.76614e-15
1.76806e-15
1.77179e-15
1.76863e-15
1.76584e-15
1.76342e-15
1.75923e-15
1.75592e-15
1.75054e-15
1.74528e-15
1.73815e-15
1.72968e-15
1.7212e-15
1.71188e-15
1.70082e-15
1.6905e-15
1.68256e-15
1.67473e-15
1.66917e-15
1.66735e-15
1.65107e-15
1.652e-15
1.65544e-15
1.66366e-15
1.672e-15
1.68397e-15
1.6962e-15
1.70749e-15
1.72067e-15
1.73081e-15
1.74104e-15
1.7488e-15
1.7556e-15
1.76134e-15
1.76724e-15
1.77057e-15
1.77509e-15
1.77763e-15
1.77863e-15
1.77624e-15
1.77264e-15
1.76858e-15
1.76376e-15
1.75811e-15
1.75127e-15
1.74394e-15
1.73426e-15
1.72335e-15
1.71261e-15
1.69953e-15
1.68665e-15
1.67633e-15
1.66674e-15
1.65876e-15
1.653e-15
1.65116e-15
1.65133e-15
1.65462e-15
1.65995e-15
1.66891e-15
1.67998e-15
1.69214e-15
1.70327e-15
1.71575e-15
1.72603e-15
1.73726e-15
1.74617e-15
1.75401e-15
1.75951e-15
1.7653e-15
1.76977e-15
1.77369e-15
1.77698e-15
1.78035e-15
1.77676e-15
1.77436e-15
1.77013e-15
1.76547e-15
1.76009e-15
1.75374e-15
1.74687e-15
1.73763e-15
1.72706e-15
1.71665e-15
1.70388e-15
1.69241e-15
1.68035e-15
1.6704e-15
1.66182e-15
1.65375e-15
1.65161e-15
1.63629e-15
1.63806e-15
1.64195e-15
1.65163e-15
1.66094e-15
1.67469e-15
1.68761e-15
1.70351e-15
1.7165e-15
1.72815e-15
1.74026e-15
1.75047e-15
1.75949e-15
1.76629e-15
1.77202e-15
1.7779e-15
1.78152e-15
1.78528e-15
1.7867e-15
1.78255e-15
1.77886e-15
1.77438e-15
1.76813e-15
1.76186e-15
1.75356e-15
1.74459e-15
1.73314e-15
1.72036e-15
1.70792e-15
1.69324e-15
1.6787e-15
1.66599e-15
1.65482e-15
1.64453e-15
1.63932e-15
1.63634e-15
1.63683e-15
1.64095e-15
1.64717e-15
1.65659e-15
1.67011e-15
1.68425e-15
1.69719e-15
1.71019e-15
1.72482e-15
1.73587e-15
1.7471e-15
1.75648e-15
1.76378e-15
1.76988e-15
1.77614e-15
1.77991e-15
1.78454e-15
1.78731e-15
1.78483e-15
1.7806e-15
1.7762e-15
1.7707e-15
1.76437e-15
1.75646e-15
1.74816e-15
1.73734e-15
1.72481e-15
1.71264e-15
1.69819e-15
1.68333e-15
1.67072e-15
1.65863e-15
1.64799e-15
1.64174e-15
1.63716e-15
1.62497e-15
1.62684e-15
1.63205e-15
1.64062e-15
1.65262e-15
1.66704e-15
1.68343e-15
1.69792e-15
1.7132e-15
1.72864e-15
1.7403e-15
1.75231e-15
1.76161e-15
1.7698e-15
1.77676e-15
1.78283e-15
1.78743e-15
1.79171e-15
1.79333e-15
1.78873e-15
1.78422e-15
1.77879e-15
1.77212e-15
1.76493e-15
1.75536e-15
1.74548e-15
1.73268e-15
1.7182e-15
1.70435e-15
1.68813e-15
1.67188e-15
1.65809e-15
1.64568e-15
1.63499e-15
1.62793e-15
1.62557e-15
1.62546e-15
1.6297e-15
1.63733e-15
1.64813e-15
1.66235e-15
1.6763e-15
1.69389e-15
1.70863e-15
1.72229e-15
1.73675e-15
1.74811e-15
1.75752e-15
1.76676e-15
1.77482e-15
1.78074e-15
1.78596e-15
1.79012e-15
1.79391e-15
1.79021e-15
1.78587e-15
1.78069e-15
1.77534e-15
1.76774e-15
1.75865e-15
1.74933e-15
1.73702e-15
1.72315e-15
1.70964e-15
1.69361e-15
1.67731e-15
1.66324e-15
1.64864e-15
1.63709e-15
1.62953e-15
1.62509e-15
1.61653e-15
1.61858e-15
1.62474e-15
1.63424e-15
1.64849e-15
1.66284e-15
1.67805e-15
1.69665e-15
1.71257e-15
1.7268e-15
1.74192e-15
1.75409e-15
1.76375e-15
1.77337e-15
1.78101e-15
1.78698e-15
1.79207e-15
1.79643e-15
1.79802e-15
1.79398e-15
1.78918e-15
1.78309e-15
1.77561e-15
1.76775e-15
1.75723e-15
1.74647e-15
1.73263e-15
1.71717e-15
1.70227e-15
1.68479e-15
1.66755e-15
1.65289e-15
1.63814e-15
1.6278e-15
1.62102e-15
1.6174e-15
1.61752e-15
1.62165e-15
1.6314e-15
1.6424e-15
1.65677e-15
1.67416e-15
1.68964e-15
1.70507e-15
1.72332e-15
1.7366e-15
1.74857e-15
1.76122e-15
1.77019e-15
1.77844e-15
1.78472e-15
1.79088e-15
1.79501e-15
1.79932e-15
1.79549e-15
1.79091e-15
1.78526e-15
1.77914e-15
1.77094e-15
1.761e-15
1.75078e-15
1.73747e-15
1.72245e-15
1.70797e-15
1.69076e-15
1.67327e-15
1.65833e-15
1.64262e-15
1.63131e-15
1.62222e-15
1.61761e-15
1.61407e-15
1.61581e-15
1.62164e-15
1.63234e-15
1.64492e-15
1.66032e-15
1.67913e-15
1.6952e-15
1.71178e-15
1.72946e-15
1.74288e-15
1.75485e-15
1.76765e-15
1.77601e-15
1.78411e-15
1.79047e-15
1.79623e-15
1.80076e-15
1.80226e-15
1.79788e-15
1.79321e-15
1.78674e-15
1.77896e-15
1.77075e-15
1.75975e-15
1.7484e-15
1.73384e-15
1.71762e-15
1.7022e-15
1.68411e-15
1.6662e-15
1.6512e-15
1.63612e-15
1.62551e-15
1.61721e-15
1.61376e-15
1.61475e-15
1.61928e-15
1.62713e-15
1.64082e-15
1.6557e-15
1.67117e-15
1.69011e-15
1.70709e-15
1.72231e-15
1.73704e-15
1.75204e-15
1.76285e-15
1.77403e-15
1.78157e-15
1.78808e-15
1.79451e-15
1.79992e-15
1.80327e-15
1.79995e-15
1.79504e-15
1.78897e-15
1.78254e-15
1.7739e-15
1.76355e-15
1.75271e-15
1.73883e-15
1.72323e-15
1.70812e-15
1.69013e-15
1.67205e-15
1.65666e-15
1.64091e-15
1.62927e-15
1.61974e-15
1.61486e-15
1.61415e-15
1.61594e-15
1.62191e-15
1.63207e-15
1.64586e-15
1.66032e-15
1.67804e-15
1.69603e-15
1.71164e-15
1.72816e-15
1.74311e-15
1.75487e-15
1.76613e-15
1.77552e-15
1.78345e-15
1.79004e-15
1.79505e-15
1.79945e-15
1.8013e-15
1.79702e-15
1.79175e-15
1.78605e-15
1.77831e-15
1.76929e-15
1.75962e-15
1.74801e-15
1.73257e-15
1.71829e-15
1.70305e-15
1.68312e-15
1.66733e-15
1.65225e-15
1.63559e-15
1.625e-15
1.61772e-15
1.61471e-15
1.61475e-15
1.61994e-15
1.62848e-15
1.64118e-15
1.65487e-15
1.6721e-15
1.69009e-15
1.70591e-15
1.72283e-15
1.7367e-15
1.75072e-15
1.76262e-15
1.77258e-15
1.78084e-15
1.78777e-15
1.79306e-15
1.79794e-15
1.80235e-15
1.79836e-15
1.79422e-15
1.78751e-15
1.78107e-15
1.77351e-15
1.76211e-15
1.75132e-15
1.73913e-15
1.72293e-15
1.70689e-15
1.69106e-15
1.67214e-15
1.65592e-15
1.64187e-15
1.63013e-15
1.62018e-15
1.61522e-15
1.61942e-15
1.62087e-15
1.62602e-15
1.63632e-15
1.64936e-15
1.66305e-15
1.68001e-15
1.69711e-15
1.71201e-15
1.72765e-15
1.74163e-15
1.7527e-15
1.76311e-15
1.77249e-15
1.78006e-15
1.78591e-15
1.79097e-15
1.79539e-15
1.79701e-15
1.79226e-15
1.78807e-15
1.78154e-15
1.77507e-15
1.76745e-15
1.75603e-15
1.74543e-15
1.73336e-15
1.71645e-15
1.70177e-15
1.68655e-15
1.6683e-15
1.65331e-15
1.6405e-15
1.63014e-15
1.62204e-15
1.61922e-15
1.61996e-15
1.62462e-15
1.63264e-15
1.64452e-15
1.65755e-15
1.67423e-15
1.69131e-15
1.70641e-15
1.72254e-15
1.73569e-15
1.74876e-15
1.75986e-15
1.7695e-15
1.77725e-15
1.78372e-15
1.78906e-15
1.79382e-15
1.79828e-15
1.79425e-15
1.78921e-15
1.78423e-15
1.77837e-15
1.76949e-15
1.7609e-15
1.75057e-15
1.73657e-15
1.72346e-15
1.70924e-15
1.69037e-15
1.67509e-15
1.66038e-15
1.64473e-15
1.63237e-15
1.62446e-15
1.62003e-15
1.62777e-15
1.63005e-15
1.63453e-15
1.64431e-15
1.6556e-15
1.66842e-15
1.68408e-15
1.69989e-15
1.71364e-15
1.72818e-15
1.74081e-15
1.75196e-15
1.76131e-15
1.76905e-15
1.77535e-15
1.78083e-15
1.78564e-15
1.79043e-15
1.79123e-15
1.78751e-15
1.7832e-15
1.77769e-15
1.77136e-15
1.76357e-15
1.75533e-15
1.74532e-15
1.73202e-15
1.71951e-15
1.70496e-15
1.68851e-15
1.67451e-15
1.66074e-15
1.64757e-15
1.6378e-15
1.63087e-15
1.62807e-15
1.62885e-15
1.63179e-15
1.63931e-15
1.65096e-15
1.6636e-15
1.67884e-15
1.6947e-15
1.7086e-15
1.7235e-15
1.73672e-15
1.74825e-15
1.75806e-15
1.76624e-15
1.77277e-15
1.77957e-15
1.78395e-15
1.7888e-15
1.79186e-15
1.78904e-15
1.7845e-15
1.77973e-15
1.77374e-15
1.76727e-15
1.75748e-15
1.74846e-15
1.73773e-15
1.7234e-15
1.70955e-15
1.69566e-15
1.67839e-15
1.66427e-15
1.65174e-15
1.64101e-15
1.63336e-15
1.62872e-15
1.64078e-15
1.64145e-15
1.64629e-15
1.6547e-15
1.66497e-15
1.67647e-15
1.69046e-15
1.70442e-15
1.71668e-15
1.72894e-15
1.74071e-15
1.75014e-15
1.75868e-15
1.76521e-15
1.7711e-15
1.77508e-15
1.77998e-15
1.78296e-15
1.78435e-15
1.78086e-15
1.77734e-15
1.77309e-15
1.76715e-15
1.76129e-15
1.75242e-15
1.74387e-15
1.73417e-15
1.7209e-15
1.7084e-15
1.69581e-15
1.68182e-15
1.66787e-15
1.65807e-15
1.64873e-15
1.64215e-15
1.64097e-15
1.64137e-15
1.64385e-15
1.65113e-15
1.66026e-15
1.67212e-15
1.68573e-15
1.69965e-15
1.71218e-15
1.72525e-15
1.73643e-15
1.74683e-15
1.75537e-15
1.76287e-15
1.76894e-15
1.77417e-15
1.77846e-15
1.78221e-15
1.78566e-15
1.78229e-15
1.77867e-15
1.77426e-15
1.76952e-15
1.76283e-15
1.7561e-15
1.74788e-15
1.73673e-15
1.7261e-15
1.71447e-15
1.69899e-15
1.6864e-15
1.67408e-15
1.6607e-15
1.65044e-15
1.64461e-15
1.64013e-15
1.65477e-15
1.6556e-15
1.6605e-15
1.66626e-15
1.67667e-15
1.68645e-15
1.69779e-15
1.71008e-15
1.72027e-15
1.73089e-15
1.73983e-15
1.74801e-15
1.75475e-15
1.76045e-15
1.76501e-15
1.76895e-15
1.77251e-15
1.77552e-15
1.77659e-15
1.77431e-15
1.76987e-15
1.76624e-15
1.76243e-15
1.7566e-15
1.75098e-15
1.74384e-15
1.73397e-15
1.72479e-15
1.71359e-15
1.70224e-15
1.69055e-15
1.67931e-15
1.67011e-15
1.66215e-15
1.65649e-15
1.6548e-15
1.65494e-15
1.65796e-15
1.66465e-15
1.67348e-15
1.68217e-15
1.69384e-15
1.70594e-15
1.71645e-15
1.72732e-15
1.73697e-15
1.74582e-15
1.75323e-15
1.75845e-15
1.76418e-15
1.76748e-15
1.77185e-15
1.77427e-15
1.77819e-15
1.77483e-15
1.77157e-15
1.76748e-15
1.76424e-15
1.75905e-15
1.75324e-15
1.74598e-15
1.73843e-15
1.72761e-15
1.71736e-15
1.70651e-15
1.69412e-15
1.68333e-15
1.67257e-15
1.66497e-15
1.65846e-15
1.65521e-15
1.67232e-15
1.67271e-15
1.67573e-15
1.68159e-15
1.68853e-15
1.69761e-15
1.70688e-15
1.71591e-15
1.72504e-15
1.73327e-15
1.74027e-15
1.74633e-15
1.75083e-15
1.75543e-15
1.7579e-15
1.76162e-15
1.76315e-15
1.76696e-15
1.76782e-15
1.76397e-15
1.76176e-15
1.75932e-15
1.75605e-15
1.75275e-15
1.74753e-15
1.74238e-15
1.73624e-15
1.72726e-15
1.71899e-15
1.7101e-15
1.70075e-15
1.69105e-15
1.68236e-15
1.67743e-15
1.67326e-15
1.67208e-15
1.67207e-15
1.67411e-15
1.67903e-15
1.68477e-15
1.69401e-15
1.70365e-15
1.71254e-15
1.72152e-15
1.72977e-15
1.73773e-15
1.74422e-15
1.74896e-15
1.7538e-15
1.75668e-15
1.76044e-15
1.7621e-15
1.76584e-15
1.76742e-15
1.7654e-15
1.76262e-15
1.76036e-15
1.7583e-15
1.75383e-15
1.74957e-15
1.745e-15
1.73769e-15
1.73085e-15
1.72311e-15
1.71353e-15
1.70397e-15
1.69444e-15
1.68572e-15
1.6797e-15
1.67445e-15
1.67225e-15
1.6905e-15
1.69031e-15
1.69234e-15
1.69656e-15
1.7013e-15
1.70835e-15
1.71504e-15
1.72274e-15
1.72841e-15
1.73451e-15
1.73966e-15
1.74334e-15
1.74645e-15
1.74785e-15
1.75033e-15
1.7513e-15
1.75351e-15
1.75471e-15
1.75581e-15
1.75415e-15
1.7529e-15
1.75069e-15
1.74932e-15
1.74676e-15
1.74435e-15
1.74111e-15
1.73613e-15
1.73097e-15
1.7256e-15
1.71795e-15
1.70974e-15
1.7032e-15
1.69819e-15
1.69357e-15
1.69067e-15
1.69016e-15
1.69005e-15
1.69129e-15
1.69471e-15
1.69853e-15
1.70563e-15
1.7134e-15
1.71984e-15
1.72631e-15
1.73302e-15
1.73806e-15
1.74206e-15
1.7453e-15
1.74747e-15
1.74966e-15
1.75098e-15
1.75279e-15
1.75431e-15
1.757e-15
1.75496e-15
1.7523e-15
1.75179e-15
1.7501e-15
1.74761e-15
1.74558e-15
1.74203e-15
1.73843e-15
1.73305e-15
1.72689e-15
1.72059e-15
1.71313e-15
1.70608e-15
1.69916e-15
1.69523e-15
1.69044e-15
1.69019e-15
1.70654e-15
1.70588e-15
1.70705e-15
1.70983e-15
1.7141e-15
1.71892e-15
1.72342e-15
1.72864e-15
1.73232e-15
1.73559e-15
1.73813e-15
1.73947e-15
1.74097e-15
1.74042e-15
1.74145e-15
1.74059e-15
1.74169e-15
1.74232e-15
1.74288e-15
1.74285e-15
1.74055e-15
1.74149e-15
1.74017e-15
1.74078e-15
1.73988e-15
1.73847e-15
1.73658e-15
1.73338e-15
1.72958e-15
1.72564e-15
1.72037e-15
1.71543e-15
1.71101e-15
1.7079e-15
1.70601e-15
1.70616e-15
1.70591e-15
1.70639e-15
1.70865e-15
1.71215e-15
1.71692e-15
1.72171e-15
1.72649e-15
1.73084e-15
1.73473e-15
1.73714e-15
1.73913e-15
1.74045e-15
1.74028e-15
1.74087e-15
1.74048e-15
1.74151e-15
1.74172e-15
1.74456e-15
1.7425e-15
1.74079e-15
1.74104e-15
1.74074e-15
1.74083e-15
1.74036e-15
1.73939e-15
1.73732e-15
1.7346e-15
1.73149e-15
1.72695e-15
1.72239e-15
1.71736e-15
1.71277e-15
1.70887e-15
1.70661e-15
1.70595e-15
1.72378e-15
1.72256e-15
1.72282e-15
1.72406e-15
1.72627e-15
1.72897e-15
1.73164e-15
1.73362e-15
1.73471e-15
1.73584e-15
1.73577e-15
1.73504e-15
1.7334e-15
1.73197e-15
1.72885e-15
1.72901e-15
1.72684e-15
1.72905e-15
1.72947e-15
1.72677e-15
1.72868e-15
1.7284e-15
1.73149e-15
1.73245e-15
1.73478e-15
1.73537e-15
1.73603e-15
1.7356e-15
1.73405e-15
1.73161e-15
1.72967e-15
1.72705e-15
1.72483e-15
1.72311e-15
1.72242e-15
1.72325e-15
1.72287e-15
1.72255e-15
1.72349e-15
1.72547e-15
1.72793e-15
1.73061e-15
1.73228e-15
1.73457e-15
1.73572e-15
1.73592e-15
1.73577e-15
1.7336e-15
1.73258e-15
1.72999e-15
1.72934e-15
1.72763e-15
1.72874e-15
1.72832e-15
1.72784e-15
1.72849e-15
1.7287e-15
1.73063e-15
1.73199e-15
1.73426e-15
1.73526e-15
1.73593e-15
1.73561e-15
1.73472e-15
1.73266e-15
1.72998e-15
1.72812e-15
1.72565e-15
1.72361e-15
1.72265e-15
1.7228e-15
1.73781e-15
1.73713e-15
1.73563e-15
1.73636e-15
1.73727e-15
1.73762e-15
1.73795e-15
1.73802e-15
1.73688e-15
1.73518e-15
1.73268e-15
1.72896e-15
1.72524e-15
1.72117e-15
1.71745e-15
1.71561e-15
1.71291e-15
1.7135e-15
1.714e-15
1.71256e-15
1.71446e-15
1.71652e-15
1.72027e-15
1.72412e-15
1.72846e-15
1.73089e-15
1.73436e-15
1.73639e-15
1.73747e-15
1.73776e-15
1.73721e-15
1.73648e-15
1.73589e-15
1.73559e-15
1.73586e-15
1.73724e-15
1.73672e-15
1.73576e-15
1.73558e-15
1.73719e-15
1.73667e-15
1.73787e-15
1.73783e-15
1.73735e-15
1.73582e-15
1.73322e-15
1.73047e-15
1.72719e-15
1.72195e-15
1.71884e-15
1.71619e-15
1.71328e-15
1.71344e-15
1.71341e-15
1.71247e-15
1.71415e-15
1.71521e-15
1.71951e-15
1.7223e-15
1.726e-15
1.73018e-15
1.73346e-15
1.73576e-15
1.7372e-15
1.7378e-15
1.73773e-15
1.73684e-15
1.73667e-15
1.73564e-15
1.7365e-15
1.73655e-15
1.75202e-15
1.74991e-15
1.7484e-15
1.74709e-15
1.74601e-15
1.74517e-15
1.74358e-15
1.74084e-15
1.73805e-15
1.73362e-15
1.72826e-15
1.72265e-15
1.71651e-15
1.7101e-15
1.7053e-15
1.69917e-15
1.69813e-15
1.69509e-15
1.69521e-15
1.69743e-15
1.69789e-15
1.70391e-15
1.70811e-15
1.71448e-15
1.71996e-15
1.72638e-15
1.73234e-15
1.73629e-15
1.74013e-15
1.74274e-15
1.74449e-15
1.74582e-15
1.74713e-15
1.74807e-15
1.74932e-15
1.75129e-15
1.75065e-15
1.74895e-15
1.74754e-15
1.74646e-15
1.74616e-15
1.74399e-15
1.74218e-15
1.73881e-15
1.73539e-15
1.73016e-15
1.72486e-15
1.71832e-15
1.71257e-15
1.70618e-15
1.70093e-15
1.6989e-15
1.69526e-15
1.69765e-15
1.69616e-15
1.6968e-15
1.70157e-15
1.70557e-15
1.71206e-15
1.71836e-15
1.72376e-15
1.73012e-15
1.73502e-15
1.7388e-15
1.74183e-15
1.74377e-15
1.74543e-15
1.74661e-15
1.7476e-15
1.74887e-15
1.75047e-15
1.76448e-15
1.76175e-15
1.75944e-15
1.75648e-15
1.75405e-15
1.7513e-15
1.74808e-15
1.74359e-15
1.73789e-15
1.73194e-15
1.72408e-15
1.71518e-15
1.70641e-15
1.69954e-15
1.69019e-15
1.68508e-15
1.68022e-15
1.67905e-15
1.67899e-15
1.67886e-15
1.6834e-15
1.68808e-15
1.69461e-15
1.70468e-15
1.71204e-15
1.72159e-15
1.72933e-15
1.73626e-15
1.74154e-15
1.74694e-15
1.75075e-15
1.75378e-15
1.75638e-15
1.75864e-15
1.76104e-15
1.76351e-15
1.76273e-15
1.76048e-15
1.75738e-15
1.75527e-15
1.75249e-15
1.74909e-15
1.74528e-15
1.74038e-15
1.73373e-15
1.72685e-15
1.71843e-15
1.70999e-15
1.70164e-15
1.69324e-15
1.68756e-15
1.68081e-15
1.67944e-15
1.67857e-15
1.67851e-15
1.68176e-15
1.68653e-15
1.69284e-15
1.70119e-15
1.71002e-15
1.71738e-15
1.72659e-15
1.73297e-15
1.73976e-15
1.74529e-15
1.74921e-15
1.75253e-15
1.7554e-15
1.75743e-15
1.76012e-15
1.76246e-15
1.77379e-15
1.77072e-15
1.76875e-15
1.76462e-15
1.76169e-15
1.75717e-15
1.75132e-15
1.74537e-15
1.73813e-15
1.72871e-15
1.71924e-15
1.70899e-15
1.69758e-15
1.68756e-15
1.67776e-15
1.66836e-15
1.66422e-15
1.66253e-15
1.66232e-15
1.66281e-15
1.66662e-15
1.67519e-15
1.68301e-15
1.69323e-15
1.70472e-15
1.71481e-15
1.72588e-15
1.7344e-15
1.74285e-15
1.74943e-15
1.75513e-15
1.75964e-15
1.76358e-15
1.76676e-15
1.76987e-15
1.77284e-15
1.77196e-15
1.76999e-15
1.76615e-15
1.76291e-15
1.75821e-15
1.7538e-15
1.74751e-15
1.74039e-15
1.7325e-15
1.72303e-15
1.7117e-15
1.70126e-15
1.69006e-15
1.68146e-15
1.67127e-15
1.66601e-15
1.66293e-15
1.66157e-15
1.66192e-15
1.66564e-15
1.67214e-15
1.6807e-15
1.68958e-15
1.70109e-15
1.71129e-15
1.72195e-15
1.73142e-15
1.73965e-15
1.7476e-15
1.7534e-15
1.75797e-15
1.76285e-15
1.76547e-15
1.76948e-15
1.77168e-15
1.78299e-15
1.77963e-15
1.77608e-15
1.77178e-15
1.76763e-15
1.76103e-15
1.75494e-15
1.74628e-15
1.73684e-15
1.72689e-15
1.71357e-15
1.70142e-15
1.68945e-15
1.67842e-15
1.6649e-15
1.65612e-15
1.6505e-15
1.64531e-15
1.64492e-15
1.6491e-15
1.65369e-15
1.66193e-15
1.67327e-15
1.68448e-15
1.69772e-15
1.70957e-15
1.72214e-15
1.73319e-15
1.74343e-15
1.75166e-15
1.75916e-15
1.76528e-15
1.77027e-15
1.77453e-15
1.77835e-15
1.78163e-15
1.78107e-15
1.77754e-15
1.77438e-15
1.76849e-15
1.76384e-15
1.75669e-15
1.74973e-15
1.74094e-15
1.73001e-15
1.71889e-15
1.70613e-15
1.69378e-15
1.68063e-15
1.66939e-15
1.65818e-15
1.65126e-15
1.64662e-15
1.64672e-15
1.6475e-15
1.65077e-15
1.65939e-15
1.66939e-15
1.68013e-15
1.69306e-15
1.70496e-15
1.71793e-15
1.72964e-15
1.74004e-15
1.74836e-15
1.75653e-15
1.76307e-15
1.76835e-15
1.77294e-15
1.77684e-15
1.78032e-15
1.79015e-15
1.78639e-15
1.78216e-15
1.77772e-15
1.77193e-15
1.76584e-15
1.75669e-15
1.74788e-15
1.73717e-15
1.72342e-15
1.7108e-15
1.69606e-15
1.68069e-15
1.66735e-15
1.65504e-15
1.64391e-15
1.63625e-15
1.63312e-15
1.63276e-15
1.63441e-15
1.6413e-15
1.6504e-15
1.6618e-15
1.67627e-15
1.6913e-15
1.70487e-15
1.71941e-15
1.73263e-15
1.74418e-15
1.75406e-15
1.76202e-15
1.769e-15
1.77591e-15
1.78094e-15
1.78527e-15
1.78896e-15
1.78741e-15
1.7838e-15
1.77919e-15
1.77406e-15
1.76743e-15
1.76055e-15
1.75097e-15
1.74045e-15
1.7294e-15
1.7162e-15
1.70084e-15
1.68731e-15
1.67226e-15
1.65954e-15
1.64763e-15
1.63868e-15
1.63459e-15
1.63194e-15
1.63386e-15
1.63936e-15
1.64622e-15
1.65877e-15
1.67139e-15
1.68637e-15
1.69991e-15
1.71476e-15
1.72865e-15
1.74055e-15
1.75088e-15
1.75966e-15
1.76713e-15
1.77365e-15
1.77923e-15
1.78357e-15
1.78754e-15
1.79633e-15
1.79225e-15
1.78797e-15
1.78246e-15
1.77605e-15
1.76822e-15
1.75986e-15
1.74855e-15
1.73636e-15
1.72363e-15
1.7069e-15
1.69154e-15
1.6766e-15
1.66079e-15
1.64715e-15
1.63499e-15
1.62692e-15
1.62256e-15
1.62175e-15
1.62428e-15
1.63178e-15
1.64268e-15
1.65632e-15
1.67031e-15
1.68682e-15
1.70159e-15
1.71772e-15
1.73253e-15
1.74532e-15
1.75547e-15
1.76503e-15
1.77397e-15
1.78036e-15
1.78582e-15
1.79044e-15
1.79442e-15
1.79322e-15
1.78953e-15
1.78451e-15
1.77845e-15
1.77182e-15
1.76204e-15
1.75276e-15
1.7415e-15
1.72769e-15
1.71334e-15
1.69889e-15
1.6809e-15
1.66571e-15
1.65177e-15
1.63873e-15
1.6286e-15
1.62346e-15
1.62183e-15
1.62328e-15
1.62871e-15
1.63851e-15
1.64971e-15
1.6648e-15
1.68125e-15
1.69616e-15
1.71246e-15
1.72768e-15
1.73982e-15
1.75178e-15
1.7619e-15
1.77127e-15
1.77783e-15
1.78378e-15
1.7886e-15
1.79287e-15
1.80041e-15
1.79662e-15
1.79209e-15
1.78611e-15
1.77977e-15
1.77213e-15
1.76107e-15
1.75052e-15
1.73791e-15
1.72166e-15
1.70687e-15
1.69028e-15
1.67255e-15
1.65666e-15
1.64265e-15
1.63056e-15
1.62114e-15
1.61585e-15
1.61538e-15
1.61912e-15
1.62622e-15
1.63757e-15
1.65204e-15
1.6668e-15
1.68437e-15
1.70016e-15
1.71722e-15
1.73292e-15
1.74554e-15
1.75785e-15
1.76829e-15
1.77724e-15
1.78372e-15
1.78983e-15
1.79553e-15
1.79949e-15
1.79831e-15
1.79359e-15
1.78887e-15
1.78221e-15
1.77428e-15
1.76588e-15
1.75429e-15
1.74178e-15
1.72867e-15
1.71348e-15
1.69525e-15
1.67947e-15
1.66292e-15
1.64605e-15
1.63366e-15
1.62427e-15
1.6176e-15
1.61577e-15
1.61703e-15
1.62303e-15
1.63359e-15
1.64538e-15
1.66111e-15
1.67848e-15
1.69434e-15
1.71162e-15
1.72782e-15
1.74096e-15
1.75408e-15
1.76493e-15
1.77413e-15
1.78114e-15
1.7884e-15
1.79363e-15
1.798e-15
1.80511e-15
1.80097e-15
1.79583e-15
1.79043e-15
1.78298e-15
1.77431e-15
1.76501e-15
1.75226e-15
1.73866e-15
1.72465e-15
1.70675e-15
1.68947e-15
1.67322e-15
1.65696e-15
1.64017e-15
1.62869e-15
1.61937e-15
1.6145e-15
1.61378e-15
1.617e-15
1.62457e-15
1.63615e-15
1.65123e-15
1.66637e-15
1.68442e-15
1.7006e-15
1.71821e-15
1.73439e-15
1.74748e-15
1.76046e-15
1.77132e-15
1.78044e-15
1.78797e-15
1.79416e-15
1.79901e-15
1.80367e-15
1.80228e-15
1.79826e-15
1.79186e-15
1.78571e-15
1.77825e-15
1.76745e-15
1.75707e-15
1.74461e-15
1.72825e-15
1.71342e-15
1.69752e-15
1.6785e-15
1.66161e-15
1.64678e-15
1.63209e-15
1.62175e-15
1.61533e-15
1.61372e-15
1.61525e-15
1.62156e-15
1.63201e-15
1.64433e-15
1.66053e-15
1.67831e-15
1.69457e-15
1.71244e-15
1.7291e-15
1.74274e-15
1.75636e-15
1.76798e-15
1.77652e-15
1.7848e-15
1.79194e-15
1.79695e-15
1.80225e-15
1.80104e-15
1.79731e-15
1.79209e-15
1.78682e-15
1.77966e-15
1.77213e-15
1.76196e-15
1.75e-15
1.73791e-15
1.7226e-15
1.7059e-15
1.69028e-15
1.67255e-15
1.65739e-15
1.64157e-15
1.63008e-15
1.62052e-15
1.61585e-15
1.61538e-15
1.61867e-15
1.62622e-15
1.63757e-15
1.65092e-15
1.6668e-15
1.68437e-15
1.7011e-15
1.71722e-15
1.73292e-15
1.74646e-15
1.75752e-15
1.76829e-15
1.77724e-15
1.7846e-15
1.79074e-15
1.7953e-15
1.79949e-15
1.79831e-15
1.7943e-15
1.78896e-15
1.78221e-15
1.77509e-15
1.76563e-15
1.75429e-15
1.74272e-15
1.72787e-15
1.71348e-15
1.69614e-15
1.67837e-15
1.66292e-15
1.64668e-15
1.63411e-15
1.62341e-15
1.6176e-15
1.61568e-15
1.61696e-15
1.62303e-15
1.63253e-15
1.64538e-15
1.66179e-15
1.67735e-15
1.69434e-15
1.71254e-15
1.72701e-15
1.74096e-15
1.75408e-15
1.76465e-15
1.77413e-15
1.78204e-15
1.78844e-15
1.79415e-15
1.798e-15
1.79633e-15
1.7925e-15
1.78797e-15
1.78259e-15
1.77605e-15
1.76902e-15
1.75957e-15
1.74855e-15
1.73717e-15
1.72277e-15
1.7069e-15
1.6921e-15
1.67528e-15
1.66079e-15
1.64588e-15
1.63486e-15
1.62698e-15
1.62256e-15
1.62175e-15
1.62428e-15
1.63178e-15
1.64268e-15
1.65632e-15
1.6708e-15
1.68559e-15
1.70159e-15
1.71847e-15
1.73174e-15
1.74532e-15
1.75623e-15
1.76503e-15
1.77397e-15
1.78093e-15
1.78638e-15
1.79103e-15
1.79504e-15
1.79397e-15
1.78953e-15
1.78451e-15
1.77846e-15
1.77182e-15
1.76285e-15
1.75232e-15
1.7415e-15
1.72769e-15
1.71409e-15
1.69777e-15
1.6809e-15
1.66615e-15
1.65036e-15
1.63856e-15
1.6286e-15
1.62346e-15
1.62183e-15
1.62328e-15
1.62871e-15
1.63845e-15
1.64994e-15
1.6648e-15
1.68125e-15
1.69683e-15
1.71142e-15
1.72768e-15
1.74061e-15
1.75137e-15
1.76274e-15
1.77111e-15
1.77837e-15
1.7843e-15
1.78919e-15
1.79348e-15
1.79015e-15
1.78639e-15
1.78253e-15
1.77772e-15
1.7721e-15
1.76584e-15
1.75742e-15
1.74744e-15
1.73717e-15
1.72399e-15
1.70963e-15
1.69606e-15
1.68069e-15
1.66735e-15
1.65493e-15
1.64391e-15
1.63625e-15
1.63276e-15
1.63215e-15
1.63441e-15
1.6413e-15
1.6504e-15
1.6618e-15
1.67627e-15
1.6913e-15
1.7053e-15
1.71941e-15
1.73263e-15
1.74362e-15
1.75406e-15
1.76236e-15
1.76986e-15
1.77591e-15
1.78094e-15
1.78527e-15
1.78896e-15
1.78868e-15
1.7838e-15
1.77941e-15
1.77406e-15
1.76823e-15
1.76038e-15
1.75097e-15
1.7411e-15
1.72862e-15
1.7162e-15
1.70121e-15
1.68584e-15
1.67226e-15
1.65796e-15
1.64737e-15
1.63868e-15
1.63351e-15
1.63117e-15
1.63284e-15
1.63812e-15
1.64622e-15
1.65722e-15
1.67139e-15
1.68482e-15
1.69991e-15
1.71525e-15
1.72775e-15
1.74055e-15
1.75069e-15
1.75979e-15
1.76713e-15
1.77365e-15
1.77908e-15
1.78357e-15
1.78756e-15
1.78299e-15
1.78053e-15
1.777e-15
1.77269e-15
1.76763e-15
1.76184e-15
1.75479e-15
1.74628e-15
1.73735e-15
1.72603e-15
1.71357e-15
1.70158e-15
1.688e-15
1.6765e-15
1.6649e-15
1.65612e-15
1.64744e-15
1.64531e-15
1.64492e-15
1.64603e-15
1.65216e-15
1.66013e-15
1.67147e-15
1.68448e-15
1.69629e-15
1.70957e-15
1.72253e-15
1.73319e-15
1.74343e-15
1.75166e-15
1.75916e-15
1.76583e-15
1.77093e-15
1.77533e-15
1.77917e-15
1.78252e-15
1.78107e-15
1.77766e-15
1.77438e-15
1.76932e-15
1.76405e-15
1.75743e-15
1.74934e-15
1.74094e-15
1.73001e-15
1.71924e-15
1.70613e-15
1.6923e-15
1.68063e-15
1.66909e-15
1.65818e-15
1.64978e-15
1.64662e-15
1.64426e-15
1.64558e-15
1.65077e-15
1.65756e-15
1.66757e-15
1.68013e-15
1.69168e-15
1.70521e-15
1.71688e-15
1.73003e-15
1.74004e-15
1.7496e-15
1.75743e-15
1.76362e-15
1.76898e-15
1.77374e-15
1.77764e-15
1.78109e-15
1.77486e-15
1.77178e-15
1.76875e-15
1.76559e-15
1.76169e-15
1.75736e-15
1.75198e-15
1.74516e-15
1.73813e-15
1.72871e-15
1.71814e-15
1.70769e-15
1.69758e-15
1.68615e-15
1.67776e-15
1.66836e-15
1.66422e-15
1.65957e-15
1.65936e-15
1.66281e-15
1.66662e-15
1.67376e-15
1.68325e-15
1.69323e-15
1.70336e-15
1.71485e-15
1.72588e-15
1.73478e-15
1.74314e-15
1.75012e-15
1.75564e-15
1.76033e-15
1.76441e-15
1.76769e-15
1.77094e-15
1.77387e-15
1.77302e-15
1.76999e-15
1.76615e-15
1.76337e-15
1.75894e-15
1.75387e-15
1.74751e-15
1.74086e-15
1.73184e-15
1.72303e-15
1.7118e-15
1.70118e-15
1.69006e-15
1.68174e-15
1.67128e-15
1.66469e-15
1.66038e-15
1.66157e-15
1.66192e-15
1.66418e-15
1.67068e-15
1.67914e-15
1.68958e-15
1.69956e-15
1.71129e-15
1.72209e-15
1.73142e-15
1.73965e-15
1.7476e-15
1.7534e-15
1.75853e-15
1.7628e-15
1.76643e-15
1.76965e-15
1.77269e-15
1.76448e-15
1.76175e-15
1.75944e-15
1.75725e-15
1.75506e-15
1.75242e-15
1.74867e-15
1.74359e-15
1.7382e-15
1.73127e-15
1.72313e-15
1.71518e-15
1.70641e-15
1.69699e-15
1.69019e-15
1.68477e-15
1.67896e-15
1.67808e-15
1.67899e-15
1.67807e-15
1.682e-15
1.68808e-15
1.69461e-15
1.70328e-15
1.71204e-15
1.72064e-15
1.72883e-15
1.73616e-15
1.74173e-15
1.74671e-15
1.75075e-15
1.75378e-15
1.75638e-15
1.75864e-15
1.76104e-15
1.76351e-15
1.76273e-15
1.76048e-15
1.75884e-15
1.75607e-15
1.753e-15
1.75012e-15
1.7458e-15
1.74038e-15
1.73373e-15
1.726e-15
1.71803e-15
1.70999e-15
1.70037e-15
1.69324e-15
1.68602e-15
1.68027e-15
1.67834e-15
1.67742e-15
1.67736e-15
1.68116e-15
1.68494e-15
1.69284e-15
1.70119e-15
1.70874e-15
1.71728e-15
1.72577e-15
1.73342e-15
1.73967e-15
1.74501e-15
1.74921e-15
1.75269e-15
1.75612e-15
1.75775e-15
1.76012e-15
1.76246e-15
1.7535e-15
1.75134e-15
1.74971e-15
1.74827e-15
1.74704e-15
1.74634e-15
1.74405e-15
1.74132e-15
1.73793e-15
1.73328e-15
1.72847e-15
1.7218e-15
1.71563e-15
1.71011e-15
1.70353e-15
1.69917e-15
1.69553e-15
1.69509e-15
1.69521e-15
1.69443e-15
1.69789e-15
1.70074e-15
1.70811e-15
1.71332e-15
1.71996e-15
1.72638e-15
1.73137e-15
1.73631e-15
1.74034e-15
1.74332e-15
1.74525e-15
1.74678e-15
1.74817e-15
1.74933e-15
1.75076e-15
1.75272e-15
1.75205e-15
1.75035e-15
1.74876e-15
1.74756e-15
1.74616e-15
1.74471e-15
1.74236e-15
1.73911e-15
1.73501e-15
1.73016e-15
1.72371e-15
1.71832e-15
1.71257e-15
1.70457e-15
1.70093e-15
1.69594e-15
1.69526e-15
1.69479e-15
1.69423e-15
1.6968e-15
1.69991e-15
1.7054e-15
1.71206e-15
1.71728e-15
1.72374e-15
1.73012e-15
1.73454e-15
1.73924e-15
1.74224e-15
1.74443e-15
1.74598e-15
1.74766e-15
1.74833e-15
1.75016e-15
1.75137e-15
1.73946e-15
1.73783e-15
1.7371e-15
1.73708e-15
1.73727e-15
1.73806e-15
1.73869e-15
1.73802e-15
1.73688e-15
1.73518e-15
1.73221e-15
1.72896e-15
1.7243e-15
1.72004e-15
1.71745e-15
1.71284e-15
1.71291e-15
1.71072e-15
1.71096e-15
1.71256e-15
1.71211e-15
1.71652e-15
1.71866e-15
1.72395e-15
1.72695e-15
1.73089e-15
1.734e-15
1.73639e-15
1.73781e-15
1.73837e-15
1.73807e-15
1.73758e-15
1.73729e-15
1.73705e-15
1.73746e-15
1.73886e-15
1.73832e-15
1.73734e-15
1.737e-15
1.73719e-15
1.73825e-15
1.73787e-15
1.73828e-15
1.73735e-15
1.73582e-15
1.73322e-15
1.73047e-15
1.72629e-15
1.72179e-15
1.71884e-15
1.71404e-15
1.71328e-15
1.71065e-15
1.71341e-15
1.71247e-15
1.71141e-15
1.71521e-15
1.71701e-15
1.7223e-15
1.726e-15
1.73018e-15
1.73346e-15
1.73561e-15
1.73746e-15
1.73829e-15
1.73815e-15
1.73792e-15
1.73731e-15
1.73708e-15
1.73726e-15
1.73815e-15
1.72378e-15
1.72256e-15
1.72282e-15
1.72462e-15
1.72627e-15
1.72897e-15
1.73164e-15
1.73362e-15
1.7352e-15
1.73576e-15
1.73577e-15
1.73453e-15
1.73271e-15
1.7316e-15
1.72885e-15
1.72831e-15
1.72684e-15
1.7281e-15
1.72878e-15
1.72677e-15
1.72778e-15
1.7284e-15
1.72932e-15
1.73245e-15
1.73388e-15
1.73537e-15
1.73603e-15
1.73573e-15
1.73441e-15
1.73235e-15
1.72967e-15
1.72705e-15
1.72483e-15
1.72311e-15
1.72242e-15
1.72325e-15
1.72287e-15
1.72255e-15
1.72349e-15
1.72547e-15
1.72793e-15
1.73077e-15
1.73305e-15
1.73485e-15
1.73576e-15
1.73592e-15
1.73477e-15
1.7336e-15
1.73193e-15
1.72951e-15
1.72856e-15
1.72682e-15
1.72794e-15
1.72832e-15
1.72704e-15
1.72768e-15
1.72772e-15
1.73016e-15
1.73109e-15
1.73319e-15
1.7348e-15
1.73565e-15
1.73564e-15
1.73472e-15
1.7334e-15
1.73081e-15
1.72812e-15
1.72615e-15
1.72361e-15
1.72347e-15
1.7228e-15
1.70852e-15
1.70776e-15
1.70891e-15
1.71144e-15
1.7154e-15
1.71892e-15
1.72341e-15
1.72864e-15
1.73232e-15
1.7356e-15
1.738e-15
1.73947e-15
1.7393e-15
1.74042e-15
1.73908e-15
1.74059e-15
1.74022e-15
1.74232e-15
1.74288e-15
1.73985e-15
1.74055e-15
1.7397e-15
1.74017e-15
1.73944e-15
1.73952e-15
1.73847e-15
1.73658e-15
1.73372e-15
1.72958e-15
1.72564e-15
1.72037e-15
1.71677e-15
1.71266e-15
1.70963e-15
1.70788e-15
1.70814e-15
1.70778e-15
1.70827e-15
1.71032e-15
1.71374e-15
1.71692e-15
1.72171e-15
1.72723e-15
1.73083e-15
1.73473e-15
1.73709e-15
1.73913e-15
1.73966e-15
1.74028e-15
1.7397e-15
1.74048e-15
1.74004e-15
1.74172e-15
1.74296e-15
1.74097e-15
1.74079e-15
1.73979e-15
1.74016e-15
1.73993e-15
1.73944e-15
1.7392e-15
1.73732e-15
1.73453e-15
1.73159e-15
1.72695e-15
1.72239e-15
1.71749e-15
1.7141e-15
1.71056e-15
1.70848e-15
1.70785e-15
1.6905e-15
1.69031e-15
1.69234e-15
1.69656e-15
1.70259e-15
1.70835e-15
1.71504e-15
1.72274e-15
1.72922e-15
1.73451e-15
1.7395e-15
1.74297e-15
1.74645e-15
1.74765e-15
1.75033e-15
1.7508e-15
1.75351e-15
1.7542e-15
1.75484e-15
1.75415e-15
1.75117e-15
1.75069e-15
1.74816e-15
1.74676e-15
1.74416e-15
1.74067e-15
1.73652e-15
1.73095e-15
1.72486e-15
1.71795e-15
1.71086e-15
1.70456e-15
1.69819e-15
1.69357e-15
1.69067e-15
1.69016e-15
1.69005e-15
1.69129e-15
1.69471e-15
1.69999e-15
1.70563e-15
1.7134e-15
1.72007e-15
1.72716e-15
1.73302e-15
1.73797e-15
1.74169e-15
1.74536e-15
1.74692e-15
1.74934e-15
1.75027e-15
1.75235e-15
1.7534e-15
1.757e-15
1.75409e-15
1.75181e-15
1.75065e-15
1.74911e-15
1.74761e-15
1.74499e-15
1.74195e-15
1.73811e-15
1.73305e-15
1.72768e-15
1.72087e-15
1.71313e-15
1.70744e-15
1.70056e-15
1.69523e-15
1.69166e-15
1.69019e-15
1.67431e-15
1.6735e-15
1.67573e-15
1.68159e-15
1.69013e-15
1.69761e-15
1.70688e-15
1.71598e-15
1.72504e-15
1.73279e-15
1.74027e-15
1.74633e-15
1.75097e-15
1.75401e-15
1.7579e-15
1.75991e-15
1.76315e-15
1.76492e-15
1.76751e-15
1.76397e-15
1.76176e-15
1.75831e-15
1.75605e-15
1.75205e-15
1.74799e-15
1.74238e-15
1.73594e-15
1.72814e-15
1.72019e-15
1.71037e-15
1.70075e-15
1.69238e-15
1.68396e-15
1.67743e-15
1.67326e-15
1.67208e-15
1.67404e-15
1.67597e-15
1.67903e-15
1.68641e-15
1.69401e-15
1.70396e-15
1.71264e-15
1.72151e-15
1.73027e-15
1.73835e-15
1.74422e-15
1.74923e-15
1.75324e-15
1.75668e-15
1.75932e-15
1.7621e-15
1.7644e-15
1.76742e-15
1.76505e-15
1.76262e-15
1.76036e-15
1.75698e-15
1.75383e-15
1.74947e-15
1.74452e-15
1.7381e-15
1.73085e-15
1.72313e-15
1.71353e-15
1.70463e-15
1.69444e-15
1.68728e-15
1.6797e-15
1.67508e-15
1.67225e-15
1.65675e-15
1.65747e-15
1.66071e-15
1.66768e-15
1.67643e-15
1.687e-15
1.69934e-15
1.71004e-15
1.72027e-15
1.73154e-15
1.74054e-15
1.74787e-15
1.75475e-15
1.76045e-15
1.76432e-15
1.76895e-15
1.77141e-15
1.77552e-15
1.77659e-15
1.77236e-15
1.76987e-15
1.76624e-15
1.76162e-15
1.75649e-15
1.75033e-15
1.74363e-15
1.73463e-15
1.72479e-15
1.71458e-15
1.70224e-15
1.691e-15
1.67931e-15
1.67011e-15
1.66383e-15
1.65832e-15
1.65661e-15
1.65674e-15
1.65976e-15
1.66465e-15
1.67348e-15
1.68237e-15
1.6953e-15
1.70584e-15
1.71759e-15
1.72732e-15
1.73753e-15
1.74542e-15
1.75229e-15
1.75845e-15
1.76344e-15
1.76748e-15
1.7701e-15
1.77427e-15
1.77636e-15
1.77387e-15
1.77141e-15
1.76748e-15
1.76298e-15
1.75905e-15
1.75271e-15
1.74598e-15
1.73797e-15
1.72818e-15
1.71736e-15
1.70642e-15
1.6956e-15
1.68333e-15
1.6738e-15
1.66507e-15
1.66011e-15
1.65699e-15
1.64078e-15
1.64252e-15
1.64771e-15
1.6547e-15
1.66497e-15
1.6781e-15
1.69032e-15
1.70442e-15
1.71768e-15
1.7284e-15
1.74071e-15
1.74968e-15
1.75829e-15
1.76467e-15
1.77024e-15
1.77517e-15
1.77923e-15
1.78285e-15
1.78435e-15
1.78086e-15
1.77697e-15
1.77222e-15
1.76715e-15
1.76046e-15
1.75269e-15
1.74387e-15
1.73368e-15
1.72146e-15
1.7084e-15
1.69566e-15
1.68182e-15
1.66974e-15
1.65882e-15
1.64986e-15
1.64368e-15
1.64097e-15
1.64137e-15
1.64534e-15
1.65113e-15
1.66206e-15
1.67212e-15
1.68573e-15
1.69953e-15
1.71218e-15
1.72595e-15
1.73643e-15
1.74641e-15
1.75537e-15
1.76234e-15
1.76894e-15
1.77336e-15
1.77846e-15
1.78144e-15
1.78557e-15
1.78229e-15
1.77867e-15
1.77394e-15
1.76869e-15
1.76276e-15
1.7561e-15
1.74754e-15
1.73735e-15
1.7261e-15
1.71412e-15
1.70042e-15
1.68644e-15
1.67437e-15
1.6607e-15
1.6533e-15
1.64461e-15
1.64166e-15
1.62837e-15
1.63005e-15
1.63577e-15
1.64431e-15
1.6556e-15
1.66842e-15
1.68549e-15
1.69944e-15
1.71364e-15
1.72818e-15
1.74007e-15
1.75196e-15
1.76131e-15
1.7687e-15
1.77535e-15
1.78023e-15
1.78564e-15
1.78904e-15
1.79054e-15
1.78751e-15
1.78215e-15
1.77769e-15
1.77059e-15
1.76375e-15
1.75459e-15
1.74513e-15
1.73278e-15
1.71951e-15
1.70555e-15
1.68993e-15
1.67451e-15
1.66074e-15
1.64757e-15
1.6378e-15
1.63087e-15
1.62932e-15
1.62885e-15
1.63297e-15
1.64078e-15
1.65096e-15
1.66507e-15
1.67851e-15
1.6947e-15
1.70975e-15
1.72284e-15
1.73672e-15
1.7475e-15
1.75731e-15
1.76636e-15
1.77324e-15
1.7792e-15
1.78395e-15
1.78822e-15
1.79186e-15
1.78818e-15
1.7845e-15
1.77931e-15
1.77374e-15
1.76649e-15
1.75783e-15
1.74846e-15
1.73707e-15
1.72368e-15
1.71068e-15
1.69514e-15
1.6795e-15
1.66578e-15
1.65174e-15
1.64121e-15
1.63336e-15
1.62872e-15
1.61942e-15
1.62165e-15
1.62718e-15
1.63618e-15
1.64936e-15
1.66438e-15
1.67938e-15
1.69711e-15
1.713e-15
1.72683e-15
1.74163e-15
1.75307e-15
1.76311e-15
1.77249e-15
1.77944e-15
1.78537e-15
1.79037e-15
1.79469e-15
1.79597e-15
1.79226e-15
1.7873e-15
1.78152e-15
1.77507e-15
1.76665e-15
1.75647e-15
1.74543e-15
1.73257e-15
1.71743e-15
1.70177e-15
1.68594e-15
1.66905e-15
1.65462e-15
1.6403e-15
1.63027e-15
1.62314e-15
1.6197e-15
1.61996e-15
1.62462e-15
1.63381e-15
1.64439e-15
1.65755e-15
1.67553e-15
1.69063e-15
1.70641e-15
1.72254e-15
1.73645e-15
1.74876e-15
1.76011e-15
1.76864e-15
1.77725e-15
1.78319e-15
1.78871e-15
1.79382e-15
1.79706e-15
1.7935e-15
1.78921e-15
1.78423e-15
1.7776e-15
1.76966e-15
1.76009e-15
1.75018e-15
1.73736e-15
1.72346e-15
1.70843e-15
1.69158e-15
1.67509e-15
1.65985e-15
1.64473e-15
1.63358e-15
1.62556e-15
1.62082e-15
1.61415e-15
1.61631e-15
1.62234e-15
1.63308e-15
1.64524e-15
1.66032e-15
1.6791e-15
1.69508e-15
1.71164e-15
1.72896e-15
1.74216e-15
1.75487e-15
1.76639e-15
1.77552e-15
1.78258e-15
1.78926e-15
1.79505e-15
1.79964e-15
1.80067e-15
1.79663e-15
1.79166e-15
1.78532e-15
1.77762e-15
1.76953e-15
1.75872e-15
1.74757e-15
1.73334e-15
1.71732e-15
1.70209e-15
1.68417e-15
1.66733e-15
1.65152e-15
1.63652e-15
1.62586e-15
1.61772e-15
1.61471e-15
1.61512e-15
1.61976e-15
1.62822e-15
1.64118e-15
1.65589e-15
1.67122e-15
1.69009e-15
1.70685e-15
1.72185e-15
1.7367e-15
1.75124e-15
1.76174e-15
1.77258e-15
1.78084e-15
1.78738e-15
1.79306e-15
1.79794e-15
1.80247e-15
1.79836e-15
1.79351e-15
1.78752e-15
1.78107e-15
1.77271e-15
1.76248e-15
1.75132e-15
1.73819e-15
1.72274e-15
1.7078e-15
1.69012e-15
1.6723e-15
1.65701e-15
1.64124e-15
1.62968e-15
1.62018e-15
1.6155e-15
