2.04931e-18
2.50611e-18
4.14384e-18
7.39117e-18
1.50555e-17
2.83844e-17
3.44335e-17
3.39066e-17
3.30442e-17
3.23635e-17
3.19252e-17
3.16055e-17
3.14322e-17
3.1364e-17
3.13384e-17
3.14018e-17
3.15193e-17
3.17189e-17
3.21503e-17
3.19289e-17
3.17613e-17
3.16523e-17
3.16423e-17
3.16912e-17
3.18613e-17
3.22247e-17
3.27876e-17
3.38508e-17
3.54272e-17
3.79696e-17
4.59061e-17
2.21214e-17
7.89977e-18
3.3744e-18
1.6285e-18
8.36857e-19
2.26136e-18
3.304e-18
6.05406e-18
1.158e-17
2.27629e-17
3.43516e-17
3.41962e-17
3.33331e-17
3.24929e-17
3.20466e-17
3.16797e-17
3.14744e-17
3.13589e-17
3.13253e-17
3.13712e-17
3.14622e-17
3.16418e-17
3.18739e-17
3.20267e-17
3.18372e-17
3.17216e-17
3.16463e-17
3.1669e-17
3.17956e-17
3.20835e-17
3.25979e-17
3.33863e-17
3.4885e-17
3.72759e-17
4.29893e-17
2.7876e-17
1.04699e-17
4.73231e-18
2.0053e-18
9.43913e-19
2.52541e-18
3.0089e-18
4.59045e-18
7.78629e-18
1.71193e-17
2.8593e-17
3.48296e-17
3.38818e-17
3.28608e-17
3.22129e-17
3.17929e-17
3.14667e-17
3.12705e-17
3.11753e-17
3.11659e-17
3.12073e-17
3.13239e-17
3.14962e-17
3.19342e-17
3.16765e-17
3.15064e-17
3.14619e-17
3.1428e-17
3.15375e-17
3.17673e-17
3.21466e-17
3.26646e-17
3.36867e-17
3.52465e-17
3.86913e-17
4.43612e-17
2.38367e-17
9.84966e-18
3.65644e-18
1.96427e-18
1.26537e-18
2.71652e-18
3.82708e-18
6.4952e-18
1.32043e-17
2.50007e-17
3.351e-17
3.40877e-17
3.31784e-17
3.25118e-17
3.19267e-17
3.15405e-17
3.13295e-17
3.1202e-17
3.11625e-17
3.11931e-17
3.12693e-17
3.14274e-17
3.16592e-17
3.17366e-17
3.1584e-17
3.14534e-17
3.14242e-17
3.14698e-17
3.16099e-17
3.19485e-17
3.24863e-17
3.32425e-17
3.46223e-17
3.68187e-17
4.17601e-17
3.49238e-17
1.31815e-17
5.4081e-18
2.52034e-18
1.42456e-18
3.79874e-18
4.56969e-18
6.64825e-18
1.13462e-17
1.90876e-17
3.27834e-17
3.42156e-17
3.35119e-17
3.27842e-17
3.21437e-17
3.16959e-17
3.13331e-17
3.11551e-17
3.10653e-17
3.10429e-17
3.10871e-17
3.11759e-17
3.13285e-17
3.17164e-17
3.14917e-17
3.13594e-17
3.12888e-17
3.12956e-17
3.14121e-17
3.16138e-17
3.1975e-17
3.25375e-17
3.34538e-17
3.48809e-17
3.76298e-17
4.1236e-17
3.86857e-17
1.40859e-17
6.11513e-18
3.5071e-18
2.68035e-18
4.16172e-18
5.65647e-18
9.56345e-18
1.6034e-17
3.0222e-17
3.38946e-17
3.39099e-17
3.30234e-17
3.22945e-17
3.18168e-17
3.14273e-17
3.12374e-17
3.10823e-17
3.10432e-17
3.10613e-17
3.11339e-17
3.12657e-17
3.14461e-17
3.15652e-17
3.14247e-17
3.1309e-17
3.12827e-17
3.1339e-17
3.15251e-17
3.17877e-17
3.22599e-17
3.30249e-17
3.41436e-17
3.63547e-17
3.89892e-17
4.63824e-17
1.85258e-17
7.57532e-18
4.21823e-18
2.72244e-18
7.20652e-18
8.47553e-18
1.0879e-17
1.76656e-17
2.9183e-17
3.39298e-17
3.4036e-17
3.31875e-17
3.24499e-17
3.19183e-17
3.15033e-17
3.12786e-17
3.10867e-17
3.09991e-17
3.09726e-17
3.10085e-17
3.10974e-17
3.12613e-17
3.15886e-17
3.13813e-17
3.1277e-17
3.12019e-17
3.12146e-17
3.12891e-17
3.14745e-17
3.18069e-17
3.23759e-17
3.30327e-17
3.42984e-17
3.59641e-17
3.89665e-17
4.51941e-17
2.44104e-17
1.19643e-17
7.37794e-18
5.66581e-18
7.44012e-18
1.02159e-17
1.42008e-17
2.48569e-17
3.41852e-17
3.41275e-17
3.35409e-17
3.27315e-17
3.21601e-17
3.16707e-17
3.13252e-17
3.11338e-17
3.10162e-17
3.09716e-17
3.09903e-17
3.10565e-17
3.1187e-17
3.13822e-17
3.14545e-17
3.13105e-17
3.12179e-17
3.11993e-17
3.12543e-17
3.13875e-17
3.16582e-17
3.20821e-17
3.26729e-17
3.37471e-17
3.51754e-17
3.78778e-17
4.43754e-17
3.55725e-17
1.49139e-17
8.44371e-18
6.11677e-18
1.47026e-17
1.72913e-17
2.02779e-17
2.71132e-17
3.38713e-17
3.43885e-17
3.35954e-17
3.2876e-17
3.22503e-17
3.17631e-17
3.13749e-17
3.11632e-17
3.10337e-17
3.0957e-17
3.09469e-17
3.09951e-17
3.10738e-17
3.12088e-17
3.15348e-17
3.13623e-17
3.12502e-17
3.11853e-17
3.11794e-17
3.12381e-17
3.13991e-17
3.16302e-17
3.20508e-17
3.26579e-17
3.35686e-17
3.48237e-17
3.69822e-17
4.16523e-17
4.03045e-17
2.85812e-17
1.90436e-17
1.44661e-17
1.64349e-17
1.97978e-17
2.65264e-17
3.33217e-17
3.46188e-17
3.37784e-17
3.31414e-17
3.24243e-17
3.1879e-17
3.15204e-17
3.12533e-17
3.10649e-17
3.09788e-17
3.09446e-17
3.09697e-17
3.10399e-17
3.11537e-17
3.13244e-17
3.14322e-17
3.12901e-17
3.11942e-17
3.11712e-17
3.12118e-17
3.13365e-17
3.15386e-17
3.19215e-17
3.24032e-17
3.32379e-17
3.43406e-17
3.62535e-17
3.90164e-17
4.52601e-17
3.83824e-17
2.02008e-17
1.59285e-17
2.93701e-17
3.09312e-17
3.28381e-17
3.43446e-17
3.42751e-17
3.37408e-17
3.30166e-17
3.24855e-17
3.19352e-17
3.15375e-17
3.12875e-17
3.11077e-17
3.10057e-17
3.09762e-17
3.09814e-17
3.10349e-17
3.11211e-17
3.12488e-17
3.16017e-17
3.14348e-17
3.13184e-17
3.12325e-17
3.12047e-17
3.12263e-17
3.1332e-17
3.15289e-17
3.1839e-17
3.23787e-17
3.30109e-17
3.38941e-17
3.51663e-17
3.69283e-17
4.06706e-17
4.20773e-17
4.1257e-17
3.89012e-17
2.94917e-17
3.22743e-17
3.39499e-17
3.44525e-17
3.39516e-17
3.32189e-17
3.26236e-17
3.20574e-17
3.16398e-17
3.13793e-17
3.1159e-17
3.1038e-17
3.09766e-17
3.09719e-17
3.10197e-17
3.10876e-17
3.1192e-17
3.13561e-17
3.14816e-17
3.13574e-17
3.12576e-17
3.12121e-17
3.12162e-17
3.12898e-17
3.14545e-17
3.17505e-17
3.21256e-17
3.27529e-17
3.3642e-17
3.48296e-17
3.68312e-17
3.94293e-17
4.30754e-17
4.4298e-17
4.41935e-17
3.95358e-17
3.91422e-17
3.8185e-17
3.6434e-17
3.55025e-17
3.4313e-17
3.33485e-17
3.26035e-17
3.21407e-17
3.17716e-17
3.14928e-17
3.13636e-17
3.13053e-17
3.13182e-17
3.13914e-17
3.15165e-17
3.15862e-17
3.17352e-17
3.17476e-17
3.15941e-17
3.14729e-17
3.13728e-17
3.13024e-17
3.12904e-17
3.13336e-17
3.14613e-17
3.16785e-17
3.20145e-17
3.25121e-17
3.31205e-17
3.41455e-17
3.51632e-17
3.66382e-17
3.82131e-17
3.93099e-17
4.04904e-17
3.97076e-17
3.88452e-17
3.69093e-17
3.57707e-17
3.45121e-17
3.34641e-17
3.28519e-17
3.22249e-17
3.18432e-17
3.15501e-17
3.13981e-17
3.13282e-17
3.13199e-17
3.13558e-17
3.14281e-17
3.15425e-17
3.16729e-17
3.18472e-17
3.1654e-17
3.15294e-17
3.14108e-17
3.13218e-17
3.12811e-17
3.13087e-17
3.13887e-17
3.15795e-17
3.18819e-17
3.22575e-17
3.28768e-17
3.36933e-17
3.49443e-17
3.5946e-17
3.73059e-17
3.9326e-17
4.03845e-17
3.6283e-17
3.60702e-17
3.5692e-17
3.48155e-17
3.40066e-17
3.3229e-17
3.27459e-17
3.22555e-17
3.18849e-17
3.16152e-17
3.14589e-17
3.14019e-17
3.14105e-17
3.15121e-17
3.15935e-17
3.17424e-17
3.18388e-17
3.19963e-17
3.20568e-17
3.19145e-17
3.17775e-17
3.16556e-17
3.15157e-17
3.14439e-17
3.1395e-17
3.14283e-17
3.15379e-17
3.17924e-17
3.20541e-17
3.24936e-17
3.31692e-17
3.37335e-17
3.45554e-17
3.51496e-17
3.57505e-17
3.64599e-17
3.62452e-17
3.56007e-17
3.4887e-17
3.41275e-17
3.36065e-17
3.28895e-17
3.23858e-17
3.19907e-17
3.16714e-17
3.15012e-17
3.14168e-17
3.13981e-17
3.1444e-17
3.15402e-17
3.17152e-17
3.18287e-17
3.19244e-17
3.20798e-17
3.19258e-17
3.18069e-17
3.16864e-17
3.15386e-17
3.14389e-17
3.14004e-17
3.14096e-17
3.14982e-17
3.16962e-17
3.19836e-17
3.23322e-17
3.29085e-17
3.35476e-17
3.4364e-17
3.49993e-17
3.58696e-17
3.62789e-17
3.42848e-17
3.41122e-17
3.38413e-17
3.3468e-17
3.30414e-17
3.25841e-17
3.21502e-17
3.18522e-17
3.16425e-17
3.15306e-17
3.14817e-17
3.15248e-17
3.16055e-17
3.17624e-17
3.19964e-17
3.22047e-17
3.23625e-17
3.2511e-17
3.25332e-17
3.24581e-17
3.22015e-17
3.20253e-17
3.18361e-17
3.16732e-17
3.1549e-17
3.14833e-17
3.15099e-17
3.15951e-17
3.17688e-17
3.2072e-17
3.24645e-17
3.28231e-17
3.32993e-17
3.3649e-17
3.40532e-17
3.42649e-17
3.42108e-17
3.39401e-17
3.3555e-17
3.32246e-17
3.26809e-17
3.2308e-17
3.1955e-17
3.1709e-17
3.15619e-17
3.14847e-17
3.14954e-17
3.1578e-17
3.1723e-17
3.19466e-17
3.20961e-17
3.2305e-17
3.24709e-17
3.25581e-17
3.24603e-17
3.23366e-17
3.20968e-17
3.19043e-17
3.17024e-17
3.15764e-17
3.15088e-17
3.14931e-17
3.15516e-17
3.16997e-17
3.19284e-17
3.22788e-17
3.26764e-17
3.30166e-17
3.36308e-17
3.37909e-17
3.4278e-17
3.32164e-17
3.3032e-17
3.27608e-17
3.25228e-17
3.22443e-17
3.19905e-17
3.17652e-17
3.1598e-17
3.15215e-17
3.1511e-17
3.1602e-17
3.17381e-17
3.19651e-17
3.22524e-17
3.25727e-17
3.28557e-17
3.31723e-17
3.3382e-17
3.33281e-17
3.31754e-17
3.29802e-17
3.26795e-17
3.2346e-17
3.2055e-17
3.18032e-17
3.16283e-17
3.15353e-17
3.15172e-17
3.15727e-17
3.1707e-17
3.18973e-17
3.2118e-17
3.24843e-17
3.27142e-17
3.29698e-17
3.30155e-17
3.30271e-17
3.28724e-17
3.25923e-17
3.2354e-17
3.21369e-17
3.183e-17
3.16716e-17
3.15358e-17
3.15108e-17
3.15358e-17
3.16639e-17
3.18908e-17
3.21099e-17
3.24387e-17
3.27558e-17
3.30186e-17
3.33723e-17
3.34984e-17
3.32773e-17
3.31149e-17
3.27776e-17
3.24594e-17
3.21663e-17
3.19034e-17
3.16718e-17
3.15713e-17
3.15112e-17
3.15388e-17
3.16572e-17
3.1836e-17
3.20612e-17
3.23405e-17
3.25671e-17
3.28812e-17
3.30492e-17
3.24153e-17
3.22577e-17
3.21575e-17
3.18988e-17
3.17826e-17
3.16184e-17
3.15089e-17
3.1462e-17
3.14844e-17
3.15926e-17
3.18161e-17
3.20923e-17
3.23805e-17
3.29212e-17
3.34441e-17
3.40471e-17
3.44925e-17
3.482e-17
3.49027e-17
3.4602e-17
3.40793e-17
3.3617e-17
3.29905e-17
3.26165e-17
3.21814e-17
3.18601e-17
3.1642e-17
3.15064e-17
3.1458e-17
3.14939e-17
3.15972e-17
3.17148e-17
3.18903e-17
3.20913e-17
3.22483e-17
3.24023e-17
3.2288e-17
3.22428e-17
3.20348e-17
3.18359e-17
3.16651e-17
3.15543e-17
3.14725e-17
3.14689e-17
3.15357e-17
3.16902e-17
3.19783e-17
3.22951e-17
3.26847e-17
3.32314e-17
3.36831e-17
3.4274e-17
3.45979e-17
3.4842e-17
3.45469e-17
3.43287e-17
3.37226e-17
3.32544e-17
3.27134e-17
3.23378e-17
3.19569e-17
3.16905e-17
3.15489e-17
3.14712e-17
3.14769e-17
3.15506e-17
3.16471e-17
3.18249e-17
3.20182e-17
3.22024e-17
3.23262e-17
3.19826e-17
3.18277e-17
3.16816e-17
3.15813e-17
3.1451e-17
3.13928e-17
3.13721e-17
3.14016e-17
3.152e-17
3.1713e-17
3.20968e-17
3.2501e-17
3.31679e-17
3.38317e-17
3.46844e-17
3.55953e-17
3.66261e-17
3.7005e-17
3.75839e-17
3.69328e-17
3.61353e-17
3.51202e-17
3.43247e-17
3.33003e-17
3.27335e-17
3.22472e-17
3.18279e-17
3.15903e-17
3.14336e-17
3.13659e-17
3.13787e-17
3.14491e-17
3.15091e-17
3.16532e-17
3.17746e-17
3.19389e-17
3.18497e-17
3.17464e-17
3.16105e-17
3.15095e-17
3.14282e-17
3.13688e-17
3.13849e-17
3.14688e-17
3.16222e-17
3.19447e-17
3.23454e-17
3.28758e-17
3.35568e-17
3.44918e-17
3.53171e-17
3.63339e-17
3.68884e-17
3.74447e-17
3.69602e-17
3.64635e-17
3.55834e-17
3.44524e-17
3.34906e-17
3.29023e-17
3.23835e-17
3.19439e-17
3.16567e-17
3.14758e-17
3.13813e-17
3.13637e-17
3.14038e-17
3.14993e-17
3.16046e-17
3.17598e-17
3.19067e-17
3.1745e-17
3.15591e-17
3.14546e-17
3.13599e-17
3.12835e-17
3.12658e-17
3.13042e-17
3.1419e-17
3.16103e-17
3.19902e-17
3.24268e-17
3.31708e-17
3.41698e-17
3.50973e-17
3.69534e-17
3.90452e-17
4.13421e-17
4.29841e-17
4.00188e-17
3.86981e-17
3.58082e-17
3.52947e-17
3.48227e-17
3.34942e-17
3.24957e-17
3.22479e-17
3.16224e-17
3.1534e-17
3.14435e-17
3.13341e-17
3.11595e-17
3.10316e-17
3.12446e-17
3.15216e-17
3.12367e-17
3.15733e-17
3.16233e-17
3.14845e-17
3.13897e-17
3.13093e-17
3.12471e-17
3.12776e-17
3.13601e-17
3.15573e-17
3.18055e-17
3.22927e-17
3.28485e-17
3.3697e-17
3.48974e-17
3.61504e-17
3.83826e-17
4.06041e-17
4.27102e-17
4.29843e-17
3.91422e-17
3.60868e-17
3.37974e-17
3.55306e-17
3.4313e-17
3.26549e-17
3.24279e-17
3.21874e-17
3.17716e-17
3.13742e-17
3.12326e-17
3.11654e-17
3.11607e-17
3.10454e-17
3.11011e-17
3.11965e-17
3.15388e-17
3.16437e-17
3.14569e-17
3.13176e-17
3.12252e-17
3.11887e-17
3.12063e-17
3.12999e-17
3.14867e-17
3.17741e-17
3.22278e-17
3.29402e-17
3.38686e-17
3.51452e-17
3.71872e-17
4.03661e-17
4.33576e-17
3.84302e-17
2.98254e-17
2.42564e-17
2.70864e-17
3.02283e-17
3.47227e-17
3.41439e-17
3.37395e-17
3.30099e-17
3.24161e-17
3.18622e-17
3.15292e-17
3.12538e-17
3.10831e-17
3.09832e-17
3.09579e-17
3.09767e-17
3.10387e-17
3.11444e-17
3.12875e-17
3.14957e-17
3.1352e-17
3.12473e-17
3.11997e-17
3.11994e-17
3.12608e-17
3.14001e-17
3.16577e-17
3.20785e-17
3.26284e-17
3.34987e-17
3.46017e-17
3.64997e-17
3.88842e-17
4.4365e-17
4.61695e-17
3.93162e-17
2.87435e-17
2.50131e-17
3.02528e-17
3.3604e-17
3.48108e-17
3.40088e-17
3.32775e-17
3.25863e-17
3.20108e-17
3.16048e-17
3.13481e-17
3.11358e-17
3.10128e-17
3.09604e-17
3.09626e-17
3.10131e-17
3.1108e-17
3.12073e-17
3.16581e-17
3.14253e-17
3.12833e-17
3.11904e-17
3.11767e-17
3.12127e-17
3.13679e-17
3.16089e-17
3.19766e-17
3.25482e-17
3.35512e-17
3.47922e-17
3.71768e-17
4.03331e-17
4.46338e-17
2.52205e-17
1.5313e-17
1.15153e-17
1.28992e-17
1.43476e-17
1.99535e-17
2.69936e-17
3.42377e-17
3.44395e-17
3.35029e-17
3.26985e-17
3.21234e-17
3.17047e-17
3.13473e-17
3.11385e-17
3.10077e-17
3.09551e-17
3.0959e-17
3.10151e-17
3.11154e-17
3.12553e-17
3.14917e-17
3.13249e-17
3.12212e-17
3.11764e-17
3.11936e-17
3.12999e-17
3.14794e-17
3.18044e-17
3.23448e-17
3.29662e-17
3.411e-17
3.59598e-17
3.89736e-17
4.56744e-17
3.03278e-17
1.70561e-17
1.21922e-17
1.01839e-17
1.34349e-17
1.72275e-17
2.59172e-17
3.29412e-17
3.44197e-17
3.37094e-17
3.294e-17
3.23677e-17
3.18036e-17
3.14725e-17
3.12037e-17
3.10436e-17
3.0964e-17
3.09509e-17
3.09858e-17
3.10621e-17
3.12091e-17
3.17219e-17
3.1472e-17
3.13326e-17
3.12382e-17
3.12192e-17
3.12716e-17
3.14346e-17
3.17416e-17
3.21566e-17
3.28482e-17
3.40258e-17
3.56656e-17
3.88109e-17
4.4502e-17
2.54265e-17
1.16008e-17
6.64291e-18
4.58464e-18
6.18349e-18
7.46006e-18
1.0548e-17
1.88842e-17
3.07917e-17
3.42122e-17
3.39781e-17
3.30114e-17
3.23816e-17
3.18423e-17
3.14558e-17
3.12246e-17
3.10709e-17
3.10053e-17
3.09976e-17
3.10597e-17
3.11633e-17
3.13363e-17
3.1549e-17
3.13661e-17
3.12578e-17
3.12205e-17
3.12458e-17
3.13898e-17
3.16045e-17
3.19688e-17
3.24824e-17
3.3458e-17
3.50227e-17
3.75857e-17
4.32534e-17
3.86576e-17
1.48452e-17
7.83127e-18
5.04801e-18
4.6545e-18
6.96127e-18
8.78484e-18
1.49051e-17
2.75369e-17
3.39559e-17
3.40456e-17
3.32299e-17
3.26124e-17
3.197e-17
3.15576e-17
3.12856e-17
3.10994e-17
3.10121e-17
3.09874e-17
3.10277e-17
3.11032e-17
3.12573e-17
3.18795e-17
3.16126e-17
3.14297e-17
3.13454e-17
3.13245e-17
3.13762e-17
3.15547e-17
3.18434e-17
3.23522e-17
3.31125e-17
3.43669e-17
3.66641e-17
3.92307e-17
4.14812e-17
1.4639e-17
6.45089e-18
3.33934e-18
2.25224e-18
3.43687e-18
4.54374e-18
6.63201e-18
1.23956e-17
2.24252e-17
3.30515e-17
3.43732e-17
3.33071e-17
3.26002e-17
3.20149e-17
3.16173e-17
3.13194e-17
3.11519e-17
3.10845e-17
3.10834e-17
3.11378e-17
3.12634e-17
3.14409e-17
3.17012e-17
3.14715e-17
3.13801e-17
3.13242e-17
3.13538e-17
3.14899e-17
3.17301e-17
3.21473e-17
3.27971e-17
3.40446e-17
3.54106e-17
3.92874e-17
4.55572e-17
1.95158e-17
8.1603e-18
4.28332e-18
2.47197e-18
2.07812e-18
3.79488e-18
5.57237e-18
9.69298e-18
1.90862e-17
3.25388e-17
3.36629e-17
3.36211e-17
3.27686e-17
3.22281e-17
3.17184e-17
3.13888e-17
3.11917e-17
3.11003e-17
3.10776e-17
3.11303e-17
3.12138e-17
3.13651e-17
3.20773e-17
3.18139e-17
3.16688e-17
3.15324e-17
3.14915e-17
3.15569e-17
3.17215e-17
3.20656e-17
3.25291e-17
3.33641e-17
3.47306e-17
3.71377e-17
4.19793e-17
3.05422e-17
1.12863e-17
4.8175e-18
2.14398e-18
1.25455e-18
2.26672e-18
3.06714e-18
4.88128e-18
9.51676e-18
2.04934e-17
3.24365e-17
3.44949e-17
3.35489e-17
3.27467e-17
3.21238e-17
3.17168e-17
3.14396e-17
3.12691e-17
3.12099e-17
3.12234e-17
3.13128e-17
3.14095e-17
3.15979e-17
3.18961e-17
3.16887e-17
3.15412e-17
3.14831e-17
3.15016e-17
3.16181e-17
3.18768e-17
3.23321e-17
3.2985e-17
3.43986e-17
3.60876e-17
3.93205e-17
4.28198e-17
1.65837e-17
6.62811e-18
2.88408e-18
1.50194e-18
9.95348e-19
2.62761e-18
4.20434e-18
7.99185e-18
1.48462e-17
2.78703e-17
3.48873e-17
3.38161e-17
3.29853e-17
3.23191e-17
3.18382e-17
3.15136e-17
3.13345e-17
3.12406e-17
3.12129e-17
3.12619e-17
3.13599e-17
3.15475e-17
3.21427e-17
3.18965e-17
3.17312e-17
3.16164e-17
3.15484e-17
3.16017e-17
3.17529e-17
3.20742e-17
3.24959e-17
3.34435e-17
3.47583e-17
3.72037e-17
4.37195e-17
2.87727e-17
1.0969e-17
4.35422e-18
2.07113e-18
1.00823e-18
2.16051e-18
2.89008e-18
4.87347e-18
8.52863e-18
1.93657e-17
3.20844e-17
3.45771e-17
3.36028e-17
3.28093e-17
3.21851e-17
3.17387e-17
3.1469e-17
3.13309e-17
3.12889e-17
3.12836e-17
3.13403e-17
3.14844e-17
3.17095e-17
3.20264e-17
3.1765e-17
3.16119e-17
3.15615e-17
3.15893e-17
3.16876e-17
3.19539e-17
3.23341e-17
3.30729e-17
3.41358e-17
3.644e-17
4.05052e-17
3.87561e-17
1.56351e-17
5.69964e-18
2.61176e-18
1.28362e-18
8.2069e-19
2.57882e-18
3.93903e-18
6.94227e-18
1.46702e-17
2.94932e-17
3.47882e-17
3.38444e-17
3.30368e-17
3.23463e-17
3.19193e-17
3.15598e-17
3.13766e-17
3.13028e-17
3.12679e-17
3.13548e-17
3.14432e-17
3.16327e-17
3.19621e-17
3.16674e-17
3.1506e-17
3.13933e-17
3.13679e-17
3.14403e-17
3.15842e-17
3.19137e-17
3.24106e-17
3.32519e-17
3.46027e-17
3.67646e-17
4.14553e-17
3.59786e-17
1.33946e-17
5.49855e-18
2.82033e-18
1.73952e-18
2.99752e-18
3.61321e-18
6.05348e-18
1.0958e-17
2.11738e-17
3.20958e-17
3.45002e-17
3.33857e-17
3.26585e-17
3.20445e-17
3.16256e-17
3.13406e-17
3.1195e-17
3.11206e-17
3.11284e-17
3.11906e-17
3.1322e-17
3.14926e-17
3.17597e-17
3.15852e-17
3.14395e-17
3.13746e-17
3.14084e-17
3.15278e-17
3.17792e-17
3.2226e-17
3.28255e-17
3.40926e-17
3.56915e-17
3.90315e-17
4.16597e-17
1.88355e-17
7.4368e-18
3.55677e-18
1.9912e-18
1.52308e-18
3.26415e-18
5.01953e-18
8.55074e-18
1.68166e-17
3.07633e-17
3.4284e-17
3.38713e-17
3.28713e-17
3.2228e-17
3.17589e-17
3.14406e-17
3.12409e-17
3.11412e-17
3.11214e-17
3.11675e-17
3.12699e-17
3.14072e-17
3.17632e-17
3.15187e-17
3.13505e-17
3.12697e-17
3.1253e-17
3.13161e-17
3.14719e-17
3.17679e-17
3.22752e-17
3.30049e-17
3.4034e-17
3.59684e-17
3.93482e-17
4.20746e-17
1.95724e-17
9.27923e-18
5.24529e-18
3.63707e-18
4.86942e-18
6.07682e-18
9.02434e-18
1.52977e-17
2.74762e-17
3.43305e-17
3.40837e-17
3.32031e-17
3.24204e-17
3.19177e-17
3.15037e-17
3.12602e-17
3.10975e-17
3.1022e-17
3.10112e-17
3.10765e-17
3.11768e-17
3.13597e-17
3.16121e-17
3.14108e-17
3.13028e-17
3.12483e-17
3.12865e-17
3.14034e-17
3.1651e-17
3.20537e-17
3.26279e-17
3.36228e-17
3.52384e-17
3.86744e-17
4.34946e-17
3.25822e-17
1.24111e-17
6.25313e-18
3.72939e-18
3.30066e-18
5.37889e-18
7.71628e-18
1.33511e-17
2.29092e-17
3.2228e-17
3.42784e-17
3.34358e-17
3.2621e-17
3.20651e-17
3.16398e-17
3.13536e-17
3.11358e-17
3.10423e-17
3.10102e-17
3.10487e-17
3.11345e-17
3.13015e-17
3.1656e-17
3.14355e-17
3.12957e-17
3.12013e-17
3.11883e-17
3.12378e-17
3.13541e-17
3.16088e-17
3.20395e-17
3.26351e-17
3.35477e-17
3.50739e-17
3.74855e-17
4.25906e-17
3.61659e-17
1.94979e-17
1.11037e-17
8.19958e-18
9.547e-18
1.09176e-17
1.57139e-17
2.47118e-17
3.29523e-17
3.43512e-17
3.37053e-17
3.28671e-17
3.22272e-17
3.17317e-17
3.13999e-17
3.11718e-17
3.10285e-17
3.09636e-17
3.09639e-17
3.10161e-17
3.11257e-17
3.12918e-17
3.1525e-17
3.13348e-17
3.12267e-17
3.11837e-17
3.12121e-17
3.13288e-17
3.1525e-17
3.1871e-17
3.24728e-17
3.32491e-17
3.47106e-17
3.63327e-17
4.0024e-17
4.24979e-17
2.34067e-17
1.32683e-17
9.5037e-18
7.62965e-18
9.95323e-18
1.30107e-17
2.14412e-17
3.11039e-17
3.41437e-17
3.39547e-17
3.30815e-17
3.24648e-17
3.19068e-17
3.14834e-17
3.12348e-17
3.10807e-17
3.09795e-17
3.09561e-17
3.09899e-17
3.10828e-17
3.12212e-17
3.16468e-17
3.14417e-17
3.12961e-17
3.12007e-17
3.11759e-17
3.12096e-17
3.13159e-17
3.15236e-17
3.18601e-17
3.23032e-17
3.30616e-17
3.42573e-17
3.58535e-17
3.91099e-17
4.22009e-17
4.32059e-17
2.96124e-17
2.2421e-17
1.95329e-17
2.26629e-17
2.85776e-17
3.33183e-17
3.42083e-17
3.38366e-17
3.3204e-17
3.2475e-17
3.19404e-17
3.1564e-17
3.1282e-17
3.11105e-17
3.09973e-17
3.09482e-17
3.09642e-17
3.10201e-17
3.11161e-17
3.12627e-17
3.15058e-17
3.1347e-17
3.12295e-17
3.11811e-17
3.11882e-17
3.12717e-17
3.1422e-17
3.17187e-17
3.21699e-17
3.2798e-17
3.37375e-17
3.5175e-17
3.72463e-17
4.11333e-17
4.41007e-17
3.1228e-17
2.3146e-17
2.00043e-17
2.06603e-17
2.60526e-17
3.17054e-17
3.41544e-17
3.42657e-17
3.35312e-17
3.2708e-17
3.21431e-17
3.16412e-17
3.13713e-17
3.1152e-17
3.10201e-17
3.0959e-17
3.09524e-17
3.09963e-17
3.10798e-17
3.12128e-17
3.16902e-17
3.15337e-17
3.14086e-17
3.12936e-17
3.12361e-17
3.12315e-17
3.12952e-17
3.14494e-17
3.16491e-17
3.20594e-17
3.25824e-17
3.33554e-17
3.43127e-17
3.60403e-17
3.79176e-17
3.9515e-17
4.49033e-17
4.67986e-17
3.29387e-17
3.33005e-17
3.42234e-17
3.43199e-17
3.39719e-17
3.33053e-17
3.27194e-17
3.21371e-17
3.17388e-17
3.14178e-17
3.11943e-17
3.1065e-17
3.1e-17
3.09881e-17
3.10238e-17
3.10892e-17
3.11815e-17
3.13291e-17
3.15743e-17
3.14342e-17
3.13033e-17
3.12469e-17
3.12251e-17
3.12561e-17
3.13524e-17
3.15668e-17
3.19093e-17
3.23391e-17
3.30721e-17
3.39642e-17
3.54772e-17
3.75992e-17
3.91434e-17
4.2707e-17
4.60072e-17
4.71681e-17
3.28363e-17
3.32556e-17
3.41078e-17
3.41185e-17
3.3536e-17
3.29282e-17
3.22781e-17
3.18506e-17
3.15312e-17
3.125e-17
3.11036e-17
3.10142e-17
3.09888e-17
3.10027e-17
3.10618e-17
3.11591e-17
3.12787e-17
3.19038e-17
3.17347e-17
3.15939e-17
3.14916e-17
3.13937e-17
3.13225e-17
3.13396e-17
3.14052e-17
3.15412e-17
3.17991e-17
3.21405e-17
3.27463e-17
3.33932e-17
3.43072e-17
3.55201e-17
3.66364e-17
3.835e-17
3.93181e-17
3.91107e-17
3.80882e-17
3.69947e-17
3.57682e-17
3.48912e-17
3.3699e-17
3.29614e-17
3.23518e-17
3.19396e-17
3.16282e-17
3.14375e-17
3.13469e-17
3.13299e-17
3.13431e-17
3.14447e-17
3.15687e-17
3.16837e-17
3.18452e-17
3.17562e-17
3.16367e-17
3.15139e-17
3.14116e-17
3.13565e-17
3.13252e-17
3.13748e-17
3.14814e-17
3.17293e-17
3.20414e-17
3.255e-17
3.3139e-17
3.39226e-17
3.49705e-17
3.60851e-17
3.74527e-17
3.83242e-17
3.86171e-17
3.80027e-17
3.74458e-17
3.60006e-17
3.50667e-17
3.40366e-17
3.31268e-17
3.25945e-17
3.20631e-17
3.17125e-17
3.14988e-17
3.13661e-17
3.13241e-17
3.13474e-17
3.14081e-17
3.1529e-17
3.16536e-17
3.17434e-17
3.21973e-17
3.21114e-17
3.19423e-17
3.17892e-17
3.16404e-17
3.15472e-17
3.14538e-17
3.14275e-17
3.14859e-17
3.16579e-17
3.18782e-17
3.21897e-17
3.26835e-17
3.3253e-17
3.38922e-17
3.4499e-17
3.50565e-17
3.53997e-17
3.54482e-17
3.50349e-17
3.45651e-17
3.39966e-17
3.35004e-17
3.27942e-17
3.23561e-17
3.1945e-17
3.16724e-17
3.15319e-17
3.14494e-17
3.14459e-17
3.149e-17
3.16129e-17
3.17531e-17
3.18756e-17
3.20593e-17
3.21969e-17
3.21544e-17
3.20024e-17
3.18043e-17
3.17136e-17
3.15722e-17
3.14728e-17
3.14304e-17
3.14706e-17
3.15588e-17
3.17689e-17
3.20524e-17
3.24703e-17
3.30781e-17
3.37204e-17
3.43329e-17
3.47592e-17
3.52883e-17
3.546e-17
3.53451e-17
3.49079e-17
3.41227e-17
3.35964e-17
3.30093e-17
3.24989e-17
3.21228e-17
3.18064e-17
3.15953e-17
3.14619e-17
3.14228e-17
3.14849e-17
3.15719e-17
3.17016e-17
3.18425e-17
3.20158e-17
3.21776e-17
3.28199e-17
3.26883e-17
3.25278e-17
3.22786e-17
3.20223e-17
3.18541e-17
3.16725e-17
3.15508e-17
3.15015e-17
3.15257e-17
3.16495e-17
3.18331e-17
3.20809e-17
3.24274e-17
3.27971e-17
3.32751e-17
3.35817e-17
3.37681e-17
3.38435e-17
3.35252e-17
3.33799e-17
3.29813e-17
3.26114e-17
3.22298e-17
3.19684e-17
3.17019e-17
3.15575e-17
3.1503e-17
3.15167e-17
3.16131e-17
3.17779e-17
3.19787e-17
3.225e-17
3.24793e-17
3.26513e-17
3.27895e-17
3.27224e-17
3.25918e-17
3.23802e-17
3.21451e-17
3.19292e-17
3.17087e-17
3.15751e-17
3.1505e-17
3.15183e-17
3.16099e-17
3.1748e-17
3.1977e-17
3.2356e-17
3.2707e-17
3.31184e-17
3.34721e-17
3.36427e-17
3.38648e-17
3.37221e-17
3.35056e-17
3.30716e-17
3.26823e-17
3.23555e-17
3.20687e-17
3.17591e-17
3.16052e-17
3.15161e-17
3.14982e-17
3.15821e-17
3.16699e-17
3.19057e-17
3.21183e-17
3.23636e-17
3.25742e-17
3.28143e-17
3.38294e-17
3.36251e-17
3.33401e-17
3.30512e-17
3.26192e-17
3.23555e-17
3.19952e-17
3.17591e-17
3.16052e-17
3.15149e-17
3.15098e-17
3.15835e-17
3.17138e-17
3.19057e-17
3.21183e-17
3.23636e-17
3.25742e-17
3.28143e-17
3.28279e-17
3.27014e-17
3.24203e-17
3.22699e-17
3.20148e-17
3.17659e-17
3.16158e-17
3.1536e-17
3.15152e-17
3.15502e-17
3.16841e-17
3.19021e-17
3.22118e-17
3.25737e-17
3.29069e-17
3.33727e-17
3.36451e-17
3.37908e-17
3.36348e-17
3.35887e-17
3.32169e-17
3.27862e-17
3.24221e-17
3.21146e-17
3.18559e-17
3.16492e-17
3.15261e-17
3.15013e-17
3.15581e-17
3.16746e-17
3.18377e-17
3.20698e-17
3.22514e-17
3.24849e-17
3.27127e-17
3.28337e-17
3.26883e-17
3.25345e-17
3.23114e-17
3.20223e-17
3.18873e-17
3.16725e-17
3.15616e-17
3.14996e-17
3.15224e-17
3.16495e-17
3.18331e-17
3.20809e-17
3.24217e-17
3.27971e-17
3.32751e-17
3.35298e-17
3.37018e-17
3.53615e-17
3.52615e-17
3.47914e-17
3.41227e-17
3.35964e-17
3.29949e-17
3.24839e-17
3.21006e-17
3.17585e-17
3.15944e-17
3.14565e-17
3.14321e-17
3.14849e-17
3.15848e-17
3.17136e-17
3.18889e-17
3.20219e-17
3.21776e-17
3.21975e-17
3.20522e-17
3.18891e-17
3.17476e-17
3.1604e-17
3.15067e-17
3.14405e-17
3.14419e-17
3.15209e-17
3.16934e-17
3.1981e-17
3.23433e-17
3.28372e-17
3.33764e-17
3.41633e-17
3.45406e-17
3.52478e-17
3.53108e-17
3.53275e-17
3.49262e-17
3.44465e-17
3.37995e-17
3.32408e-17
3.2632e-17
3.22109e-17
3.18633e-17
3.16586e-17
3.14907e-17
3.14334e-17
3.14778e-17
3.15361e-17
3.16608e-17
3.17866e-17
3.19991e-17
3.21116e-17
3.2254e-17
3.21114e-17
3.19537e-17
3.17892e-17
3.16481e-17
3.15503e-17
3.14538e-17
3.14334e-17
3.14859e-17
3.16253e-17
3.18782e-17
3.21897e-17
3.259e-17
3.3121e-17
3.38088e-17
3.43949e-17
3.48987e-17
3.52497e-17
3.87342e-17
3.80851e-17
3.73815e-17
3.60006e-17
3.50667e-17
3.40366e-17
3.31268e-17
3.25283e-17
3.20631e-17
3.17125e-17
3.14868e-17
3.13661e-17
3.13241e-17
3.13477e-17
3.14081e-17
3.1529e-17
3.16615e-17
3.17475e-17
3.18232e-17
3.16846e-17
3.15681e-17
3.14242e-17
3.1359e-17
3.1321e-17
3.13541e-17
3.14364e-17
3.16555e-17
3.18869e-17
3.2406e-17
3.2872e-17
3.35783e-17
3.46732e-17
3.56534e-17
3.69199e-17
3.84425e-17
3.84158e-17
3.8646e-17
3.76183e-17
3.63943e-17
3.52611e-17
3.4286e-17
3.34569e-17
3.28131e-17
3.22162e-17
3.18144e-17
3.15661e-17
3.13954e-17
3.13331e-17
3.13263e-17
3.13829e-17
3.14942e-17
3.1595e-17
3.17415e-17
3.18792e-17
3.17737e-17
3.16196e-17
3.14916e-17
3.13937e-17
3.13225e-17
3.13396e-17
3.14043e-17
3.15476e-17
3.17991e-17
3.21405e-17
3.27463e-17
3.33932e-17
3.41682e-17
3.5237e-17
3.66295e-17
3.77738e-17
3.87574e-17
3.24111e-17
3.28363e-17
3.36395e-17
3.40905e-17
3.41232e-17
3.3359e-17
3.28181e-17
3.22631e-17
3.18506e-17
3.15165e-17
3.12494e-17
3.10989e-17
3.10132e-17
3.09939e-17
3.10027e-17
3.10657e-17
3.11591e-17
3.1305e-17
3.16391e-17
3.14866e-17
3.13621e-17
3.12804e-17
3.12308e-17
3.12418e-17
3.13212e-17
3.1476e-17
3.17642e-17
3.22049e-17
3.28531e-17
3.36316e-17
3.48388e-17
3.65941e-17
3.77258e-17
4.11913e-17
4.49679e-17
4.50048e-17
3.19182e-17
3.31113e-17
3.42467e-17
3.41281e-17
3.36601e-17
3.30639e-17
3.2444e-17
3.19926e-17
3.16046e-17
3.13311e-17
3.11422e-17
3.10341e-17
3.09924e-17
3.09951e-17
3.10376e-17
3.11258e-17
3.12426e-17
3.13776e-17
3.15337e-17
3.14086e-17
3.13026e-17
3.12483e-17
3.12315e-17
3.12952e-17
3.14313e-17
3.16491e-17
3.20594e-17
3.25824e-17
3.33554e-17
3.43127e-17
3.58005e-17
3.79176e-17
3.96375e-17
4.49033e-17
4.67986e-17
1.87159e-17
2.07829e-17
2.66686e-17
3.2508e-17
3.41035e-17
3.42657e-17
3.34149e-17
3.2708e-17
3.20804e-17
3.16412e-17
3.13383e-17
3.1152e-17
3.10162e-17
3.09544e-17
3.09524e-17
3.10053e-17
3.10817e-17
3.1223e-17
3.15529e-17
3.13734e-17
3.12587e-17
3.11908e-17
3.11798e-17
3.12347e-17
3.13577e-17
3.16282e-17
3.19669e-17
3.25608e-17
3.33676e-17
3.45994e-17
3.62652e-17
3.88587e-17
4.37927e-17
4.19219e-17
2.68735e-17
2.18546e-17
2.10716e-17
2.43457e-17
2.97174e-17
3.44248e-17
3.43552e-17
3.36959e-17
3.2959e-17
3.23265e-17
3.18163e-17
3.1457e-17
3.12e-17
3.10525e-17
3.09697e-17
3.09466e-17
3.09822e-17
3.10494e-17
3.11594e-17
3.13162e-17
3.14417e-17
3.12961e-17
3.12082e-17
3.11759e-17
3.11997e-17
3.13159e-17
3.1516e-17
3.1816e-17
3.23032e-17
3.30616e-17
3.42425e-17
3.56658e-17
3.84796e-17
4.19328e-17
4.26796e-17
3.20681e-17
2.26698e-17
9.51328e-18
1.04683e-17
1.50183e-17
2.26117e-17
3.13924e-17
3.42357e-17
3.39547e-17
3.30645e-17
3.24047e-17
3.1856e-17
3.14834e-17
3.12196e-17
3.10476e-17
3.09795e-17
3.09585e-17
3.09974e-17
3.10828e-17
3.12364e-17
3.15809e-17
3.13823e-17
3.125e-17
3.11865e-17
3.11991e-17
3.12675e-17
3.14423e-17
3.17713e-17
3.22037e-17
3.2916e-17
3.38595e-17
3.58003e-17
3.87054e-17
4.55688e-17
3.3365e-17
1.68482e-17
1.05885e-17
8.0412e-18
9.94279e-18
1.26613e-17
1.90136e-17
2.88488e-17
3.39507e-17
3.43271e-17
3.33489e-17
3.2599e-17
3.20962e-17
3.16145e-17
3.12972e-17
3.11277e-17
3.09998e-17
3.09547e-17
3.09728e-17
3.10448e-17
3.11652e-17
3.1341e-17
3.14437e-17
3.12946e-17
3.12032e-17
3.11872e-17
3.12296e-17
3.13541e-17
3.16088e-17
3.19957e-17
3.26289e-17
3.35477e-17
3.49511e-17
3.74855e-17
4.25906e-17
3.71331e-17
2.12643e-17
1.11037e-17
8.78245e-18
4.88296e-18
5.37889e-18
7.89458e-18
1.33511e-17
2.28918e-17
3.2228e-17
3.42784e-17
3.34358e-17
3.2621e-17
3.20536e-17
3.15944e-17
3.13239e-17
3.11358e-17
3.10423e-17
3.10102e-17
3.10487e-17
3.11345e-17
3.12899e-17
3.16808e-17
3.14564e-17
3.13287e-17
3.12478e-17
3.12494e-17
3.13614e-17
3.15477e-17
3.18571e-17
3.24065e-17
3.32553e-17
3.4542e-17
3.72387e-17
4.13755e-17
3.59635e-17
1.66801e-17
8.29456e-18
4.48299e-18
3.68699e-18
5.40851e-18
6.7552e-18
1.13839e-17
2.06117e-17
3.09564e-17
3.41169e-17
3.37576e-17
3.29578e-17
3.22833e-17
3.18048e-17
3.1428e-17
3.11826e-17
3.10716e-17
3.10134e-17
3.103e-17
3.10945e-17
3.12397e-17
3.14296e-17
3.15048e-17
3.13505e-17
3.12697e-17
3.1253e-17
3.13161e-17
3.14719e-17
3.17548e-17
3.21938e-17
3.30049e-17
3.39601e-17
3.59684e-17
3.93482e-17
4.20746e-17
2.08401e-17
9.34892e-18
5.24529e-18
3.79893e-18
2.78037e-18
3.3989e-18
5.10678e-18
9.02137e-18
1.76166e-17
3.07633e-17
3.4284e-17
3.38027e-17
3.28469e-17
3.2228e-17
3.17589e-17
3.14124e-17
3.12409e-17
3.11273e-17
3.11213e-17
3.11675e-17
3.12777e-17
3.14363e-17
3.18489e-17
3.15918e-17
3.14527e-17
3.1385e-17
3.13807e-17
3.14791e-17
3.17009e-17
3.20725e-17
3.26028e-17
3.353e-17
3.50483e-17
3.77966e-17
4.49618e-17
2.6093e-17
9.23998e-18
4.19166e-18
2.44297e-18
1.53012e-18
3.0423e-18
4.3422e-18
6.98634e-18
1.40306e-17
2.58282e-17
3.33343e-17
3.40462e-17
3.31886e-17
3.24048e-17
3.19117e-17
3.15304e-17
3.12992e-17
3.11646e-17
3.11161e-17
3.1137e-17
3.12296e-17
3.1365e-17
3.15752e-17
3.16768e-17
3.14946e-17
3.13897e-17
3.13697e-17
3.1422e-17
3.15827e-17
3.19137e-17
3.23844e-17
3.32342e-17
3.44357e-17
3.67646e-17
4.05436e-17
3.59786e-17
1.33946e-17
5.79118e-18
2.9624e-18
1.79282e-18
2.11145e-18
2.57882e-18
3.93903e-18
6.94227e-18
1.5447e-17
2.94932e-17
3.47978e-17
3.38444e-17
3.30368e-17
3.23463e-17
3.18873e-17
3.15598e-17
3.13766e-17
3.12796e-17
3.12679e-17
3.1341e-17
3.14432e-17
3.16327e-17
3.20108e-17
3.1849e-17
3.16604e-17
3.15604e-17
3.15769e-17
3.16107e-17
3.18304e-17
3.2182e-17
3.28474e-17
3.37828e-17
3.53758e-17
3.7833e-17
4.59186e-17
2.11192e-17
7.36595e-18
3.53567e-18
1.60052e-18
8.90208e-19
2.34328e-18
3.42176e-18
5.71654e-18
1.1977e-17
2.29197e-17
3.3836e-17
3.40754e-17
3.33042e-17
3.24777e-17
3.20435e-17
3.16299e-17
3.14198e-17
3.13133e-17
3.12621e-17
3.13009e-17
3.13939e-17
3.15389e-17
3.17741e-17
3.1922e-17
3.17312e-17
3.16083e-17
3.15427e-17
3.15973e-17
3.17381e-17
3.20742e-17
3.24959e-17
3.34449e-17
3.47131e-17
3.70783e-17
4.37195e-17
3.63348e-17
1.19232e-17
4.75755e-18
2.11207e-18
1.05271e-18
2.23863e-18
2.71136e-18
4.20434e-18
7.99185e-18
1.67055e-17
2.90112e-17
3.48873e-17
3.38164e-17
3.29853e-17
3.22892e-17
3.18069e-17
3.15044e-17
3.13232e-17
3.1225e-17
3.12217e-17
3.12619e-17
3.1406e-17
3.15745e-17
3.20133e-17
3.17473e-17
3.15869e-17
3.14989e-17
3.14918e-17
3.15886e-17
3.17975e-17
3.21475e-17
3.27626e-17
3.3639e-17
3.53341e-17
3.75621e-17
4.61214e-17
2.35223e-17
7.59752e-18
3.36947e-18
1.68866e-18
1.024e-18
2.44729e-18
3.51852e-18
6.33621e-18
1.20494e-17
2.30204e-17
3.39641e-17
3.4108e-17
3.32242e-17
3.25346e-17
3.20083e-17
3.16259e-17
3.13844e-17
3.12444e-17
3.12119e-17
3.12645e-17
3.13356e-17
3.14752e-17
3.16844e-17
3.18203e-17
3.16688e-17
3.15324e-17
3.14915e-17
3.15561e-17
3.1718e-17
3.2015e-17
3.25215e-17
3.33614e-17
3.47306e-17
3.68667e-17
4.14303e-17
3.05422e-17
1.12863e-17
4.8175e-18
2.28091e-18
1.15933e-18
3.29543e-18
3.79488e-18
5.61976e-18
9.8836e-18
1.91853e-17
3.25388e-17
3.36629e-17
3.36211e-17
3.27686e-17
3.22281e-17
3.17184e-17
3.13902e-17
3.11917e-17
3.11003e-17
3.10882e-17
3.11303e-17
3.12227e-17
3.13948e-17
3.17776e-17
3.15528e-17
3.14093e-17
3.13356e-17
3.13312e-17
3.14473e-17
3.16371e-17
3.19532e-17
3.25555e-17
3.35235e-17
3.50589e-17
3.77732e-17
4.30926e-17
2.72502e-17
1.13237e-17
4.94905e-18
2.76294e-18
2.00523e-18
3.53635e-18
4.90743e-18
8.11249e-18
1.53945e-17
2.8148e-17
3.33219e-17
3.40391e-17
3.30317e-17
3.238e-17
3.18423e-17
3.14653e-17
3.12548e-17
3.11274e-17
3.10809e-17
3.11086e-17
3.11883e-17
3.13121e-17
3.15179e-17
3.16126e-17
3.14297e-17
3.13454e-17
3.13321e-17
3.13773e-17
3.15495e-17
3.18434e-17
3.23522e-17
3.31125e-17
3.43571e-17
3.63989e-17
3.94829e-17
4.14812e-17
1.4639e-17
6.45089e-18
3.60427e-18
2.20862e-18
5.70832e-18
6.96127e-18
8.90087e-18
1.48252e-17
2.74465e-17
3.39559e-17
3.40291e-17
3.32299e-17
3.26124e-17
3.197e-17
3.15576e-17
3.12856e-17
3.10988e-17
3.10121e-17
3.09945e-17
3.10277e-17
3.11208e-17
3.12573e-17
3.16285e-17
3.14176e-17
3.12882e-17
3.12217e-17
3.12369e-17
3.13221e-17
3.15064e-17
3.18386e-17
3.23588e-17
3.3111e-17
3.44969e-17
3.64743e-17
4.04079e-17
4.02117e-17
2.00106e-17
8.89328e-18
5.47072e-18
4.35813e-18
6.03913e-18
8.06273e-18
1.21591e-17
2.1719e-17
3.22425e-17
3.44677e-17
3.37429e-17
3.27617e-17
3.21877e-17
3.17378e-17
3.14092e-17
3.11556e-17
3.1041e-17
3.09919e-17
3.10098e-17
3.10755e-17
3.12101e-17
3.1405e-17
3.1472e-17
3.13326e-17
3.12395e-17
3.1219e-17
3.12807e-17
3.14247e-17
3.17085e-17
3.21566e-17
3.28435e-17
3.40258e-17
3.55239e-17
3.88919e-17
4.4502e-17
2.54265e-17
1.14475e-17
6.62195e-18
4.73004e-18
1.20577e-17
1.32917e-17
1.70387e-17
2.59172e-17
3.29412e-17
3.44197e-17
3.37352e-17
3.294e-17
3.23156e-17
3.17654e-17
3.14725e-17
3.11859e-17
3.10436e-17
3.0964e-17
3.09512e-17
3.09923e-17
3.10833e-17
3.12124e-17
3.15571e-17
3.13849e-17
3.12444e-17
3.11799e-17
3.11884e-17
3.12634e-17
3.14196e-17
3.16939e-17
3.21642e-17
3.28004e-17
3.37502e-17
3.54429e-17
3.76314e-17
4.14268e-17
4.0264e-17
2.08128e-17
1.3241e-17
1.00146e-17
1.19149e-17
1.5992e-17
2.20216e-17
3.05194e-17
3.42417e-17
3.4083e-17
3.31785e-17
3.25705e-17
3.19515e-17
3.15615e-17
3.12831e-17
3.10787e-17
3.09889e-17
3.09477e-17
3.097e-17
3.10408e-17
3.11558e-17
3.1317e-17
3.14402e-17
3.12862e-17
3.11904e-17
3.11767e-17
3.12127e-17
3.13679e-17
3.15846e-17
3.19766e-17
3.25055e-17
3.35512e-17
3.47826e-17
3.66822e-17
4.07663e-17
4.1046e-17
2.77538e-17
1.5313e-17
1.15153e-17
2.24377e-17
2.50131e-17
3.02528e-17
3.30532e-17
3.48429e-17
3.41086e-17
3.3243e-17
3.25863e-17
3.20108e-17
3.15966e-17
3.13356e-17
3.11172e-17
3.10107e-17
3.09604e-17
3.09675e-17
3.10081e-17
3.11104e-17
3.12066e-17
3.158e-17
3.14126e-17
3.12816e-17
3.12054e-17
3.11874e-17
3.12245e-17
3.13577e-17
3.15788e-17
3.19582e-17
3.24683e-17
3.32084e-17
3.42241e-17
3.57879e-17
3.82651e-17
4.26398e-17
4.57849e-17
3.89764e-17
3.07038e-17
2.47199e-17
2.76986e-17
3.17654e-17
3.46332e-17
3.42627e-17
3.36233e-17
3.27951e-17
3.22326e-17
3.17694e-17
3.14074e-17
3.11866e-17
3.10371e-17
3.097e-17
3.09553e-17
3.09949e-17
3.10649e-17
3.11759e-17
3.13371e-17
3.14566e-17
3.1317e-17
3.12186e-17
3.11867e-17
3.12024e-17
3.12903e-17
3.14867e-17
3.17742e-17
3.22278e-17
3.28612e-17
3.38686e-17
3.51452e-17
3.72792e-17
4.04793e-17
4.33576e-17
3.84302e-17
2.98254e-17
3.95358e-17
3.91422e-17
3.41173e-17
3.3822e-17
3.46079e-17
3.32491e-17
3.26883e-17
3.21537e-17
3.17557e-17
3.14539e-17
3.12169e-17
3.10877e-17
3.10231e-17
3.1161e-17
3.10454e-17
3.11011e-17
3.11965e-17
3.13286e-17
3.16885e-17
3.15259e-17
3.14012e-17
3.13274e-17
3.12633e-17
3.12677e-17
3.13294e-17
3.14643e-17
3.17193e-17
3.21011e-17
3.26737e-17
3.34614e-17
3.44672e-17
3.5898e-17
3.74324e-17
3.96399e-17
4.34642e-17
4.23634e-17
3.97076e-17
3.40522e-17
3.5552e-17
3.3897e-17
3.34439e-17
3.28868e-17
3.23421e-17
3.19076e-17
3.15632e-17
3.12944e-17
3.1123e-17
3.10388e-17
3.10102e-17
3.11886e-17
3.14281e-17
3.1346e-17
3.14728e-17
3.14058e-17
3.1559e-17
3.14546e-17
3.13599e-17
3.12835e-17
3.12577e-17
3.12907e-17
3.14152e-17
3.16359e-17
3.19902e-17
3.24591e-17
3.31831e-17
3.41698e-17
3.53557e-17
3.68116e-17
3.92307e-17
4.20008e-17
4.29841e-17
3.73402e-17
3.70808e-17
3.64111e-17
3.55834e-17
3.45481e-17
3.35704e-17
3.29023e-17
3.23876e-17
3.19521e-17
3.16567e-17
3.14758e-17
3.13785e-17
3.13578e-17
3.13985e-17
3.15094e-17
3.1599e-17
3.17598e-17
3.18773e-17
3.19242e-17
3.17753e-17
3.16285e-17
3.15214e-17
3.14399e-17
3.13642e-17
3.137e-17
3.14305e-17
3.15786e-17
3.1863e-17
3.22387e-17
3.26557e-17
3.33755e-17
3.42816e-17
3.50359e-17
3.61911e-17
3.69799e-17
3.75206e-17
3.73843e-17
3.67996e-17
3.57511e-17
3.48268e-17
3.39186e-17
3.31946e-17
3.25859e-17
3.20838e-17
3.17415e-17
3.15242e-17
3.14002e-17
3.13567e-17
3.13747e-17
3.14501e-17
3.15653e-17
3.16574e-17
3.1818e-17
3.19747e-17
3.18277e-17
3.16816e-17
3.15602e-17
3.1451e-17
3.13928e-17
3.13605e-17
3.139e-17
3.15049e-17
3.1713e-17
3.20968e-17
3.25343e-17
3.31679e-17
3.38317e-17
3.46861e-17
3.59371e-17
3.6719e-17
3.72031e-17
3.46704e-17
3.46876e-17
3.43287e-17
3.37226e-17
3.32375e-17
3.27134e-17
3.23386e-17
3.19772e-17
3.17199e-17
3.15459e-17
3.14676e-17
3.14769e-17
3.15506e-17
3.16471e-17
3.18249e-17
3.20182e-17
3.21863e-17
3.23146e-17
3.23406e-17
3.22235e-17
3.20504e-17
3.18649e-17
3.16849e-17
3.15645e-17
3.14832e-17
3.14604e-17
3.15027e-17
3.16343e-17
3.18759e-17
3.21742e-17
3.25959e-17
3.31109e-17
3.36049e-17
3.41854e-17
3.45461e-17
3.48216e-17
3.45681e-17
3.45021e-17
3.3832e-17
3.34229e-17
3.30643e-17
3.24772e-17
3.20638e-17
3.18122e-17
3.16105e-17
3.14824e-17
3.14662e-17
3.15218e-17
3.16154e-17
3.17384e-17
3.19409e-17
3.21522e-17
3.22679e-17
3.2393e-17
3.22577e-17
3.21378e-17
3.18914e-17
3.17648e-17
3.16264e-17
3.15089e-17
3.14631e-17
3.14825e-17
3.15934e-17
3.18161e-17
3.20923e-17
3.23822e-17
3.29106e-17
3.34287e-17
3.39934e-17
3.44761e-17
3.482e-17
3.34821e-17
3.32773e-17
3.31149e-17
3.27782e-17
3.25132e-17
3.21663e-17
3.19034e-17
3.16718e-17
3.15713e-17
3.15129e-17
3.15326e-17
3.16572e-17
3.18242e-17
3.20411e-17
3.23405e-17
3.25671e-17
3.28812e-17
3.30492e-17
3.3078e-17
3.28282e-17
3.26529e-17
3.23944e-17
3.21132e-17
3.18949e-17
3.16931e-17
3.15628e-17
3.15126e-17
3.15242e-17
3.16316e-17
3.18002e-17
3.20112e-17
3.2352e-17
3.26607e-17
3.28706e-17
3.33035e-17
3.34793e-17
3.34055e-17
3.32429e-17
3.28993e-17
3.26503e-17
3.22756e-17
3.20058e-17
3.17631e-17
3.15909e-17
3.15155e-17
3.15228e-17
3.16229e-17
3.17381e-17
3.19799e-17
3.22339e-17
3.24542e-17
3.28109e-17
3.2906e-17
3.30481e-17
3.3032e-17
3.27874e-17
3.25242e-17
3.22443e-17
3.19905e-17
3.17644e-17
3.15976e-17
3.15215e-17
3.15122e-17
3.16061e-17
3.17381e-17
3.19862e-17
3.22524e-17
3.25753e-17
3.29663e-17
3.3178e-17
3.33165e-17
3.26056e-17
3.25474e-17
3.23366e-17
3.2145e-17
3.19164e-17
3.16936e-17
3.15764e-17
3.15088e-17
3.14931e-17
3.15516e-17
3.16997e-17
3.19367e-17
3.23213e-17
3.26755e-17
3.29941e-17
3.36308e-17
3.37909e-17
3.42105e-17
3.41696e-17
3.38908e-17
3.36623e-17
3.32277e-17
3.27529e-17
3.23861e-17
3.20683e-17
3.17571e-17
3.15935e-17
3.14985e-17
3.1488e-17
3.15685e-17
3.16713e-17
3.18762e-17
3.20764e-17
3.22524e-17
3.24276e-17
3.25629e-17
3.25481e-17
3.23993e-17
3.21883e-17
3.20085e-17
3.18328e-17
3.16242e-17
3.15327e-17
3.14769e-17
3.15203e-17
3.16529e-17
3.18445e-17
3.21135e-17
3.24735e-17
3.29097e-17
3.34337e-17
3.38075e-17
3.40021e-17
3.41894e-17
3.41122e-17
3.38413e-17
3.33401e-17
3.29318e-17
3.25417e-17
3.21487e-17
3.18522e-17
3.16425e-17
3.15297e-17
3.14874e-17
3.15248e-17
3.16055e-17
3.17624e-17
3.2012e-17
3.22173e-17
3.23808e-17
3.2511e-17
3.20994e-17
3.19255e-17
3.18316e-17
3.16899e-17
3.15569e-17
3.14389e-17
3.14004e-17
3.14096e-17
3.15002e-17
3.17075e-17
3.19546e-17
3.23485e-17
3.28671e-17
3.34735e-17
3.43724e-17
3.47648e-17
3.57111e-17
3.62789e-17
3.59846e-17
3.58118e-17
3.52091e-17
3.45701e-17
3.37072e-17
3.30844e-17
3.25217e-17
3.21104e-17
3.17461e-17
3.15544e-17
3.14422e-17
3.13919e-17
3.14399e-17
3.15308e-17
3.16699e-17
3.17672e-17
3.19411e-17
3.20584e-17
3.19948e-17
3.18899e-17
3.17295e-17
3.15725e-17
3.14912e-17
3.14187e-17
3.14056e-17
3.14616e-17
3.15924e-17
3.18552e-17
3.21921e-17
3.26539e-17
3.32449e-17
3.40265e-17
3.47224e-17
3.53887e-17
3.57395e-17
3.62056e-17
3.59724e-17
3.55929e-17
3.46037e-17
3.40066e-17
3.3229e-17
3.27459e-17
3.22555e-17
3.18697e-17
3.1618e-17
3.14588e-17
3.14019e-17
3.14124e-17
3.14906e-17
3.1595e-17
3.17424e-17
3.18388e-17
3.20152e-17
3.17984e-17
3.16792e-17
3.15294e-17
3.14108e-17
3.13376e-17
3.12984e-17
3.13093e-17
3.14009e-17
3.15795e-17
3.18871e-17
3.2314e-17
3.28768e-17
3.37503e-17
3.44829e-17
3.61197e-17
3.73059e-17
3.92196e-17
3.98868e-17
4.00188e-17
3.8549e-17
3.7136e-17
3.6167e-17
3.48227e-17
3.39831e-17
3.30465e-17
3.24539e-17
3.19396e-17
3.16727e-17
3.14435e-17
3.13341e-17
3.13076e-17
3.13401e-17
3.1412e-17
3.15098e-17
3.16412e-17
3.17721e-17
3.17155e-17
3.1575e-17
3.14491e-17
3.13534e-17
3.1312e-17
3.12973e-17
3.13703e-17
3.15037e-17
3.17325e-17
3.21258e-17
3.26337e-17
3.34074e-17
3.44237e-17
3.55241e-17
3.71095e-17
3.86659e-17
3.8881e-17
3.93617e-17
3.91422e-17
3.8185e-17
3.6434e-17
3.55025e-17
3.4313e-17
3.33485e-17
3.26035e-17
3.21407e-17
3.17716e-17
3.15185e-17
3.13636e-17
3.13148e-17
3.13182e-17
3.13914e-17
3.14742e-17
3.15862e-17
3.17352e-17
3.16597e-17
3.14718e-17
3.13607e-17
3.12607e-17
3.121e-17
3.12203e-17
3.12898e-17
3.14528e-17
3.17505e-17
3.21769e-17
3.27529e-17
3.3642e-17
3.47723e-17
3.68312e-17
3.9286e-17
4.23428e-17
4.47847e-17
4.28029e-17
3.01698e-17
3.1119e-17
3.27883e-17
3.46343e-17
3.40961e-17
3.34711e-17
3.28908e-17
3.21636e-17
3.17848e-17
3.14507e-17
3.1214e-17
3.1066e-17
3.09866e-17
3.09746e-17
3.09991e-17
3.10565e-17
3.11546e-17
3.1307e-17
3.15434e-17
3.14138e-17
3.12963e-17
3.12229e-17
3.12129e-17
3.12518e-17
3.13824e-17
3.15981e-17
3.20072e-17
3.25361e-17
3.32255e-17
3.42989e-17
3.59003e-17
3.80902e-17
4.21993e-17
4.54911e-17
4.6911e-17
3.95253e-17
3.094e-17
3.28381e-17
3.43446e-17
3.42497e-17
3.37805e-17
3.29973e-17
3.24216e-17
3.19352e-17
3.1555e-17
3.12875e-17
3.11077e-17
3.10145e-17
3.09762e-17
3.09839e-17
3.10357e-17
3.11228e-17
3.12258e-17
3.16547e-17
3.14322e-17
3.12901e-17
3.11952e-17
3.11716e-17
3.12118e-17
3.1343e-17
3.15386e-17
3.19561e-17
3.23864e-17
3.32379e-17
3.45853e-17
3.6177e-17
3.90164e-17
4.52601e-17
3.83824e-17
2.06189e-17
1.48797e-17
1.56457e-17
1.80251e-17
2.48426e-17
2.9789e-17
3.41659e-17
3.4206e-17
3.32689e-17
3.25392e-17
3.19985e-17
3.15961e-17
3.13197e-17
3.11197e-17
3.09958e-17
3.09476e-17
3.09567e-17
3.1021e-17
3.11182e-17
3.12665e-17
3.14895e-17
3.13316e-17
3.1215e-17
3.11749e-17
3.11904e-17
3.12634e-17
3.14649e-17
3.1756e-17
3.21817e-17
3.29133e-17
3.37855e-17
3.54014e-17
3.79605e-17
4.4697e-17
4.2339e-17
2.75775e-17
1.78346e-17
1.63782e-17
1.72913e-17
2.02779e-17
2.65445e-17
3.38713e-17
3.43305e-17
3.36024e-17
3.28746e-17
3.22334e-17
3.17631e-17
3.13957e-17
3.11706e-17
3.10343e-17
3.0957e-17
3.09455e-17
3.09951e-17
3.10738e-17
3.12099e-17
3.16868e-17
3.14545e-17
3.13105e-17
3.12179e-17
3.11985e-17
3.12627e-17
3.13936e-17
3.16817e-17
3.2078e-17
3.26729e-17
3.37471e-17
3.52359e-17
3.7945e-17
4.37584e-17
3.55725e-17
1.64729e-17
8.50184e-18
6.11677e-18
7.30299e-18
9.53054e-18
1.32032e-17
2.18999e-17
3.18639e-17
3.3835e-17
3.39002e-17
3.29661e-17
3.22633e-17
3.17669e-17
3.1431e-17
3.1206e-17
3.10485e-17
3.09823e-17
3.09747e-17
3.10318e-17
3.11399e-17
3.13052e-17
3.15156e-17
3.13366e-17
3.12335e-17
3.11994e-17
3.12366e-17
3.13291e-17
3.15584e-17
3.19461e-17
3.25376e-17
3.33883e-17
3.47905e-17
3.66375e-17
4.14864e-17
4.36179e-17
1.94941e-17
9.79805e-18
7.19675e-18
5.95774e-18
8.47553e-18
1.12705e-17
1.82301e-17
2.92647e-17
3.39298e-17
3.4036e-17
3.31875e-17
3.24499e-17
3.19183e-17
3.15121e-17
3.12609e-17
3.10877e-17
3.09914e-17
3.09699e-17
3.10045e-17
3.10974e-17
3.12126e-17
3.17983e-17
3.15409e-17
3.14099e-17
3.13055e-17
3.12923e-17
3.1339e-17
3.15251e-17
3.17963e-17
3.22744e-17
3.30249e-17
3.41674e-17
3.63099e-17
3.89892e-17
4.6298e-17
1.87369e-17
7.6492e-18
4.49068e-18
2.72244e-18
4.05432e-18
5.13836e-18
8.02688e-18
1.37315e-17
2.65992e-17
3.35625e-17
3.40912e-17
3.32385e-17
3.25589e-17
3.2e-17
3.15664e-17
3.12795e-17
3.11166e-17
3.10503e-17
3.10444e-17
3.11091e-17
3.12373e-17
3.13857e-17
3.16429e-17
3.14534e-17
3.13234e-17
3.12781e-17
3.13185e-17
3.14353e-17
3.1676e-17
3.20977e-17
3.27461e-17
3.37267e-17
3.53257e-17
3.89992e-17
4.39007e-17
2.367e-17
9.94315e-18
4.83235e-18
3.01558e-18
2.75979e-18
4.56969e-18
6.64825e-18
1.10053e-17
1.97897e-17
3.23751e-17
3.41723e-17
3.35425e-17
3.27842e-17
3.21594e-17
3.16773e-17
3.1364e-17
3.11615e-17
3.10653e-17
3.10378e-17
3.10739e-17
3.11759e-17
3.13285e-17
3.19995e-17
3.17366e-17
3.15566e-17
3.14465e-17
3.14228e-17
3.14698e-17
3.1682e-17
3.19564e-17
3.24863e-17
3.32844e-17
3.46223e-17
3.75977e-17
4.17601e-17
3.49238e-17
1.33191e-17
5.4081e-18
2.4942e-18
1.42456e-18
2.54679e-18
3.35936e-18
5.53355e-18
9.59923e-18
2.00415e-17
3.18231e-17
3.4356e-17
3.34907e-17
3.26625e-17
3.2093e-17
3.16889e-17
3.13989e-17
3.12332e-17
3.11632e-17
3.11675e-17
3.12281e-17
3.13559e-17
3.15732e-17
3.18312e-17
3.16222e-17
3.14737e-17
3.14034e-17
3.14593e-17
3.15737e-17
3.18301e-17
3.22992e-17
3.29954e-17
3.39915e-17
3.61726e-17
3.95867e-17
4.00911e-17
1.71864e-17
7.28114e-18
3.20224e-18
1.67603e-18
1.25015e-18
2.8978e-18
4.51584e-18
7.78629e-18
1.71193e-17
2.79758e-17
3.4882e-17
3.38818e-17
3.28654e-17
3.22601e-17
3.17929e-17
3.14667e-17
3.12629e-17
3.11753e-17
3.11554e-17
3.12007e-17
3.13239e-17
3.14629e-17
3.23006e-17
3.20021e-17
3.17606e-17
3.16761e-17
3.16215e-17
3.1674e-17
3.17941e-17
3.20835e-17
3.25979e-17
3.33863e-17
3.48902e-17
3.72759e-17
4.44349e-17
2.82861e-17
1.03605e-17
4.73231e-18
1.98707e-18
9.43913e-19
2.09778e-18
2.84683e-18
4.97882e-18
8.92211e-18
1.95074e-17
3.15847e-17
3.44982e-17
3.35948e-17
3.27694e-17
3.21878e-17
3.17888e-17
3.15253e-17
3.13704e-17
3.13393e-17
3.13536e-17
3.14283e-17
3.15743e-17
3.17569e-17
3.21008e-17
3.18489e-17
3.17182e-17
3.16351e-17
3.1642e-17
3.17495e-17
3.19866e-17
3.23918e-17
3.3122e-17
3.42291e-17
3.59876e-17
4.02826e-17
4.24997e-17
1.41184e-17
5.73399e-18
2.48478e-18
1.26877e-18
7.88844e-19
2.41688e-18
4.12369e-18
7.11503e-18
1.45264e-17
2.83844e-17
3.46197e-17
3.39081e-17
3.30407e-17
3.23635e-17
3.19252e-17
3.16055e-17
3.1423e-17
3.1364e-17
3.13384e-17
3.14018e-17
3.1506e-17
3.16731e-17
3.20151e-17
3.17335e-17
3.1584e-17
3.14541e-17
3.14242e-17
3.14916e-17
3.1682e-17
3.19485e-17
3.24863e-17
3.32425e-17
3.46223e-17
3.72821e-17
4.17222e-17
3.49238e-17
1.31815e-17
4.91305e-18
2.43536e-18
1.42456e-18
2.46632e-18
3.25016e-18
5.46789e-18
9.61984e-18
2.00415e-17
3.22729e-17
3.43736e-17
3.3518e-17
3.27199e-17
3.2093e-17
3.1676e-17
3.14041e-17
3.12368e-17
3.11789e-17
3.11721e-17
3.12512e-17
3.13988e-17
3.15818e-17
3.18426e-17
3.16222e-17
3.14832e-17
3.14412e-17
3.14593e-17
3.15835e-17
3.18301e-17
3.22958e-17
3.29878e-17
3.40925e-17
3.61726e-17
3.9611e-17
4.17953e-17
1.70239e-17
6.65028e-18
2.98545e-18
1.67603e-18
1.09891e-18
2.8978e-18
4.40595e-18
7.95763e-18
1.65982e-17
2.72462e-17
3.45785e-17
3.3936e-17
3.29911e-17
3.22698e-17
3.17891e-17
3.14667e-17
3.12705e-17
3.11895e-17
3.11659e-17
3.12147e-17
3.13238e-17
3.14969e-17
3.18401e-17
3.15631e-17
3.142e-17
3.13068e-17
3.12923e-17
3.13494e-17
3.15251e-17
3.18073e-17
3.22888e-17
3.30249e-17
3.41436e-17
3.63547e-17
3.89892e-17
4.58257e-17
1.85258e-17
7.57532e-18
4.04997e-18
2.72244e-18
3.82297e-18
4.83256e-18
7.57154e-18
1.32069e-17
2.42276e-17
3.35625e-17
3.42527e-17
3.32385e-17
3.25589e-17
3.19798e-17
3.15664e-17
3.12896e-17
3.11301e-17
3.10581e-17
3.10499e-17
3.11091e-17
3.12373e-17
3.13838e-17
3.16493e-17
3.14565e-17
3.13275e-17
3.12934e-17
3.13185e-17
3.14398e-17
3.16915e-17
3.21089e-17
3.2739e-17
3.37256e-17
3.53848e-17
3.8944e-17
4.3696e-17
2.1428e-17
9.9792e-18
4.83235e-18
3.01558e-18
2.59686e-18
4.56969e-18
6.23873e-18
1.10053e-17
1.90876e-17
3.24598e-17
3.39685e-17
3.35844e-17
3.28152e-17
3.21585e-17
3.16959e-17
3.1385e-17
3.11993e-17
3.10653e-17
3.10429e-17
3.10871e-17
3.11759e-17
3.13285e-17
3.16868e-17
3.14523e-17
3.13105e-17
3.12183e-17
3.12066e-17
3.12627e-17
3.13875e-17
3.16856e-17
3.21271e-17
3.28212e-17
3.37471e-17
3.53398e-17
3.8092e-17
4.43754e-17
3.55725e-17
1.49139e-17
8.44371e-18
5.67001e-18
7.30299e-18
8.13792e-18
1.19987e-17
2.12227e-17
3.18639e-17
3.38945e-17
3.38295e-17
3.29661e-17
3.22886e-17
3.18062e-17
3.1431e-17
3.11951e-17
3.10512e-17
3.09862e-17
3.09762e-17
3.10318e-17
3.11399e-17
3.13052e-17
3.15439e-17
3.13516e-17
3.12421e-17
3.11994e-17
3.12351e-17
3.13291e-17
3.15623e-17
3.19395e-17
3.25332e-17
3.34346e-17
3.47905e-17
3.75157e-17
4.10952e-17
4.4792e-17
1.9295e-17
9.79805e-18
6.64974e-18
5.63278e-18
7.78972e-18
1.0879e-17
1.76656e-17
2.76388e-17
3.39298e-17
3.4036e-17
3.31875e-17
3.24499e-17
3.19183e-17
3.15448e-17
3.12786e-17
3.11054e-17
3.09991e-17
3.09736e-17
3.10085e-17
3.10899e-17
3.12613e-17
3.16547e-17
3.14322e-17
3.12901e-17
3.11942e-17
3.11718e-17
3.12118e-17
3.1343e-17
3.15605e-17
3.19215e-17
3.24851e-17
3.32379e-17
3.46348e-17
3.63161e-17
3.90164e-17
4.52003e-17
3.83824e-17
1.87654e-17
1.45222e-17
1.52509e-17
1.77619e-17
2.48426e-17
2.98431e-17
3.41659e-17
3.4211e-17
3.32683e-17
3.27239e-17
3.20338e-17
3.15985e-17
3.13197e-17
3.11217e-17
3.09978e-17
3.09487e-17
3.09541e-17
3.10134e-17
3.11182e-17
3.12665e-17
3.14887e-17
3.13316e-17
3.1215e-17
3.11739e-17
3.11909e-17
3.12637e-17
3.14527e-17
3.1756e-17
3.22497e-17
3.29109e-17
3.39631e-17
3.53975e-17
3.83515e-17
4.4697e-17
3.65582e-17
2.62379e-17
1.61026e-17
1.28779e-17
1.6693e-17
2.02779e-17
2.64808e-17
3.38713e-17
3.44212e-17
3.36453e-17
3.2982e-17
3.22503e-17
3.17729e-17
3.14447e-17
3.11632e-17
3.10337e-17
3.09621e-17
3.09446e-17
3.09927e-17
3.10734e-17
3.12088e-17
3.16621e-17
3.14816e-17
3.13574e-17
3.12576e-17
3.12091e-17
3.12168e-17
3.12996e-17
3.14604e-17
3.17505e-17
3.21772e-17
3.27529e-17
3.36716e-17
3.48296e-17
3.68312e-17
3.97024e-17
4.30754e-17
4.20302e-17
4.13459e-17
2.85717e-17
3.0793e-17
3.22656e-17
3.46084e-17
3.40961e-17
3.34711e-17
3.28724e-17
3.23457e-17
3.18047e-17
3.14603e-17
3.12159e-17
3.1066e-17
3.09864e-17
3.09662e-17
3.0989e-17
3.10565e-17
3.11546e-17
3.12887e-17
3.1545e-17
3.13922e-17
3.12796e-17
3.12229e-17
3.12091e-17
3.12518e-17
3.13886e-17
3.16297e-17
3.20072e-17
3.25863e-17
3.33008e-17
3.42989e-17
3.61642e-17
3.82495e-17
4.30827e-17
4.69619e-17
4.67865e-17
3.73154e-17
3.094e-17
3.28381e-17
3.43446e-17
3.42751e-17
3.38264e-17
3.30166e-17
3.24855e-17
3.19352e-17
3.15947e-17
3.12969e-17
3.11174e-17
3.10101e-17
3.09717e-17
3.09804e-17
3.10349e-17
3.11051e-17
3.12336e-17
3.17726e-17
3.163e-17
3.15096e-17
3.14108e-17
3.13218e-17
3.12811e-17
3.13034e-17
3.1402e-17
3.15795e-17
3.19004e-17
3.23798e-17
3.28988e-17
3.37665e-17
3.49443e-17
3.6288e-17
3.79169e-17
3.95812e-17
4.1288e-17
4.00188e-17
3.86981e-17
3.7096e-17
3.6167e-17
3.48227e-17
3.39831e-17
3.30465e-17
3.24539e-17
3.19396e-17
3.16727e-17
3.14435e-17
3.13341e-17
3.13076e-17
3.13401e-17
3.1412e-17
3.15216e-17
3.16412e-17
3.17721e-17
3.16935e-17
3.15659e-17
3.14408e-17
3.13534e-17
3.12835e-17
3.12908e-17
3.13634e-17
3.15167e-17
3.17831e-17
3.21395e-17
3.26939e-17
3.34143e-17
3.44237e-17
3.5478e-17
3.71095e-17
3.86659e-17
4.07522e-17
3.99268e-17
3.91422e-17
3.8185e-17
3.6434e-17
3.55306e-17
3.4313e-17
3.33485e-17
3.26035e-17
3.21407e-17
3.17716e-17
3.15185e-17
3.13636e-17
3.13167e-17
3.13182e-17
3.13914e-17
3.14742e-17
3.15862e-17
3.173e-17
3.20994e-17
3.19258e-17
3.18069e-17
3.16663e-17
3.15386e-17
3.14389e-17
3.14004e-17
3.14021e-17
3.15059e-17
3.17006e-17
3.20156e-17
3.23577e-17
3.29085e-17
3.35476e-17
3.43724e-17
3.52146e-17
3.59152e-17
3.62789e-17
3.6689e-17
3.60805e-17
3.52719e-17
3.47398e-17
3.38548e-17
3.31013e-17
3.2609e-17
3.21104e-17
3.17847e-17
3.15547e-17
3.14389e-17
3.13919e-17
3.14102e-17
3.15326e-17
3.1625e-17
3.17672e-17
3.19411e-17
3.20504e-17
3.19948e-17
3.18354e-17
3.17295e-17
3.15725e-17
3.14912e-17
3.14187e-17
3.14009e-17
3.14645e-17
3.1595e-17
3.18677e-17
3.22009e-17
3.26844e-17
3.32912e-17
3.40699e-17
3.4866e-17
3.54693e-17
3.63368e-17
3.64956e-17
3.60702e-17
3.57901e-17
3.49436e-17
3.40066e-17
3.33451e-17
3.27459e-17
3.22555e-17
3.1907e-17
3.1618e-17
3.14589e-17
3.14019e-17
3.14089e-17
3.1462e-17
3.1595e-17
3.16889e-17
3.18388e-17
3.19804e-17
3.25807e-17
3.24603e-17
3.22838e-17
3.20968e-17
3.19043e-17
3.16936e-17
3.15764e-17
3.14896e-17
3.14946e-17
3.15577e-17
3.17274e-17
3.19784e-17
3.23213e-17
3.26764e-17
3.32212e-17
3.36308e-17
3.41359e-17
3.43276e-17
3.42871e-17
3.41311e-17
3.36623e-17
3.33054e-17
3.27622e-17
3.24889e-17
3.20683e-17
3.18051e-17
3.16106e-17
3.14997e-17
3.14853e-17
3.15636e-17
3.16713e-17
3.18379e-17
3.20082e-17
3.21931e-17
3.24011e-17
3.25406e-17
3.25481e-17
3.23454e-17
3.21415e-17
3.19454e-17
3.17335e-17
3.16157e-17
3.15327e-17
3.14769e-17
3.15318e-17
3.16529e-17
3.18445e-17
3.2158e-17
3.26392e-17
3.29788e-17
3.34301e-17
3.38075e-17
3.41454e-17
3.42166e-17
3.41122e-17
3.39421e-17
3.3468e-17
3.30414e-17
3.25841e-17
3.21502e-17
3.18638e-17
3.16538e-17
3.15306e-17
3.14822e-17
3.15248e-17
3.16055e-17
3.17624e-17
3.18951e-17
3.21599e-17
3.23625e-17
3.24917e-17
3.33997e-17
3.32773e-17
3.31149e-17
3.27319e-17
3.24594e-17
3.21347e-17
3.18693e-17
3.16718e-17
3.15539e-17
3.15112e-17
3.15569e-17
3.16572e-17
3.1836e-17
3.20994e-17
3.23851e-17
3.25671e-17
3.28969e-17
3.30877e-17
3.3078e-17
3.29099e-17
3.27099e-17
3.24579e-17
3.21675e-17
3.19354e-17
3.17313e-17
3.15747e-17
3.15138e-17
3.15248e-17
3.16316e-17
3.18002e-17
3.20138e-17
3.2354e-17
3.26572e-17
3.28706e-17
3.32486e-17
3.3375e-17
3.33543e-17
3.3069e-17
3.28844e-17
3.25318e-17
3.22735e-17
3.1955e-17
3.17249e-17
3.15902e-17
3.15147e-17
3.15228e-17
3.16229e-17
3.17423e-17
3.19799e-17
3.2237e-17
3.25519e-17
3.28109e-17
3.29809e-17
3.31426e-17
3.3032e-17
3.28745e-17
3.25458e-17
3.22443e-17
3.19905e-17
3.17652e-17
3.16212e-17
3.15215e-17
3.1511e-17
3.15853e-17
3.17381e-17
3.19651e-17
3.22314e-17
3.25191e-17
3.27368e-17
3.31723e-17
3.32499e-17
3.46704e-17
3.45469e-17
3.43287e-17
3.37226e-17
3.31574e-17
3.27134e-17
3.23378e-17
3.19249e-17
3.16905e-17
3.15489e-17
3.1475e-17
3.14775e-17
3.15559e-17
3.16471e-17
3.18611e-17
3.20182e-17
3.22024e-17
3.23293e-17
3.23784e-17
3.22679e-17
3.2098e-17
3.18798e-17
3.17219e-17
3.16185e-17
3.14913e-17
3.14604e-17
3.15065e-17
3.16258e-17
3.18258e-17
3.21742e-17
3.25959e-17
3.30672e-17
3.3506e-17
3.41854e-17
3.45461e-17
3.47348e-17
3.45798e-17
3.45021e-17
3.38287e-17
3.34229e-17
3.28154e-17
3.24656e-17
3.20638e-17
3.17814e-17
3.15682e-17
3.14852e-17
3.14662e-17
3.15274e-17
3.162e-17
3.1752e-17
3.19859e-17
3.21522e-17
3.22715e-17
3.24079e-17
3.23726e-17
3.21575e-17
3.20077e-17
3.17826e-17
3.16264e-17
3.15112e-17
3.14713e-17
3.1485e-17
3.15828e-17
3.17616e-17
3.20923e-17
3.23805e-17
3.28721e-17
3.34263e-17
3.39878e-17
3.44471e-17
3.482e-17
3.71904e-17
3.69602e-17
3.61705e-17
3.55834e-17
3.44524e-17
3.34906e-17
3.29023e-17
3.23835e-17
3.19439e-17
3.16575e-17
3.14758e-17
3.13785e-17
3.13637e-17
3.14183e-17
3.15094e-17
3.1633e-17
3.17737e-17
3.19067e-17
3.19242e-17
3.17753e-17
3.1663e-17
3.15214e-17
3.14399e-17
3.13769e-17
3.13787e-17
3.14246e-17
3.15657e-17
3.18161e-17
3.22013e-17
3.26148e-17
3.32943e-17
3.42816e-17
3.49267e-17
3.59529e-17
3.65306e-17
3.71881e-17
3.69798e-17
3.64769e-17
3.56895e-17
3.46968e-17
3.38581e-17
3.3153e-17
3.25859e-17
3.20575e-17
3.17408e-17
3.15233e-17
3.14134e-17
3.13678e-17
3.14005e-17
3.14717e-17
3.15763e-17
3.17133e-17
3.1818e-17
3.20199e-17
3.18277e-17
3.16816e-17
3.15813e-17
3.1451e-17
3.13928e-17
3.13721e-17
3.13956e-17
3.152e-17
3.1713e-17
3.20531e-17
3.2501e-17
3.31679e-17
3.38317e-17
3.46654e-17
3.5317e-17
3.64545e-17
3.68956e-17
3.95358e-17
3.91422e-17
3.8185e-17
3.64006e-17
3.55306e-17
3.4313e-17
3.26295e-17
3.23902e-17
3.21407e-17
3.17445e-17
3.15089e-17
3.13636e-17
3.11654e-17
3.13182e-17
3.12172e-17
3.11108e-17
3.1408e-17
3.173e-17
3.16885e-17
3.15259e-17
3.14004e-17
3.13274e-17
3.12739e-17
3.12688e-17
3.13256e-17
3.14725e-17
3.17193e-17
3.20488e-17
3.26195e-17
3.34694e-17
3.44386e-17
3.57236e-17
3.74324e-17
3.95976e-17
3.97078e-17
4.23634e-17
3.97076e-17
3.88452e-17
3.69093e-17
3.57707e-17
3.44387e-17
3.28629e-17
3.25886e-17
3.21874e-17
3.17235e-17
3.14111e-17
3.14082e-17
3.11859e-17
3.11629e-17
3.13558e-17
3.14281e-17
3.15323e-17
3.14728e-17
3.16302e-17
3.16104e-17
3.14546e-17
3.13599e-17
3.12971e-17
3.12658e-17
3.1303e-17
3.14153e-17
3.16103e-17
3.19343e-17
3.24051e-17
3.31351e-17
3.409e-17
3.50834e-17
3.68116e-17
3.8634e-17
4.11192e-17
4.29841e-17
2.42616e-17
2.65846e-17
3.02528e-17
3.3604e-17
3.43916e-17
3.38595e-17
3.32568e-17
3.25358e-17
3.20108e-17
3.16048e-17
3.13221e-17
3.11167e-17
3.10016e-17
3.0963e-17
3.09649e-17
3.10139e-17
3.1108e-17
3.12073e-17
3.158e-17
3.14096e-17
3.12882e-17
3.12106e-17
3.11893e-17
3.12292e-17
3.13602e-17
3.15644e-17
3.19285e-17
3.24245e-17
3.3199e-17
3.41558e-17
3.57879e-17
3.82071e-17
4.26398e-17
4.57432e-17
3.92523e-17
3.45689e-17
2.47199e-17
2.76986e-17
3.28722e-17
3.45896e-17
3.40664e-17
3.35996e-17
3.27951e-17
3.2136e-17
3.17398e-17
3.14261e-17
3.1181e-17
3.10458e-17
3.097e-17
3.09598e-17
3.09949e-17
3.10618e-17
3.11828e-17
3.13445e-17
3.14569e-17
3.13226e-17
3.12333e-17
3.11887e-17
3.12063e-17
3.12814e-17
3.14768e-17
3.17582e-17
3.22278e-17
3.28354e-17
3.38686e-17
3.51452e-17
3.68995e-17
4.01608e-17
4.33872e-17
4.03438e-17
2.98254e-17
1.20577e-17
1.34349e-17
1.72275e-17
2.59172e-17
3.29412e-17
3.43907e-17
3.37094e-17
3.294e-17
3.23156e-17
3.17668e-17
3.14725e-17
3.11832e-17
3.10436e-17
3.09639e-17
3.09509e-17
3.09858e-17
3.10621e-17
3.12124e-17
3.15533e-17
3.13741e-17
3.12444e-17
3.11799e-17
3.11863e-17
3.12501e-17
3.1413e-17
3.1677e-17
3.21228e-17
3.27438e-17
3.36976e-17
3.54429e-17
3.76314e-17
4.18023e-17
4.011e-17
2.2853e-17
1.3241e-17
1.0962e-17
1.34076e-17
1.5992e-17
2.23714e-17
3.05194e-17
3.43102e-17
3.40407e-17
3.31785e-17
3.25708e-17
3.19515e-17
3.15523e-17
3.12623e-17
3.10668e-17
3.09864e-17
3.09465e-17
3.09698e-17
3.10408e-17
3.11646e-17
3.1317e-17
3.14343e-17
3.12833e-17
3.11954e-17
3.11767e-17
3.12127e-17
3.13527e-17
3.15807e-17
3.19403e-17
3.24814e-17
3.32938e-17
3.47579e-17
3.66568e-17
3.99224e-17
4.60643e-17
2.77538e-17
1.55653e-17
1.15153e-17
6.11702e-18
6.96127e-18
9.45643e-18
1.51714e-17
2.76582e-17
3.42053e-17
3.40456e-17
3.32188e-17
3.26062e-17
3.197e-17
3.15576e-17
3.12703e-17
3.10994e-17
3.10121e-17
3.09809e-17
3.10224e-17
3.11088e-17
3.12573e-17
3.16127e-17
3.14176e-17
3.12932e-17
3.12194e-17
3.12291e-17
3.13221e-17
3.15004e-17
3.18453e-17
3.22828e-17
3.31127e-17
3.44969e-17
3.64743e-17
4.004e-17
4.15522e-17
2.03025e-17
9.21281e-18
5.76294e-18
4.51386e-18
6.52475e-18
8.33458e-18
1.25335e-17
2.22362e-17
3.29669e-17
3.45058e-17
3.37429e-17
3.27565e-17
3.21599e-17
3.17378e-17
3.13773e-17
3.11536e-17
3.10277e-17
3.09857e-17
3.10022e-17
3.10755e-17
3.12048e-17
3.14038e-17
3.1475e-17
3.13326e-17
3.12382e-17
3.12192e-17
3.12716e-17
3.14346e-17
3.17173e-17
3.2114e-17
3.28482e-17
3.403e-17
3.56656e-17
3.88109e-17
4.52809e-17
2.71704e-17
1.16008e-17
6.64291e-18
4.73004e-18
3.29543e-18
3.85343e-18
5.61976e-18
9.95024e-18
1.94133e-17
3.26894e-17
3.37381e-17
3.35637e-17
3.27686e-17
3.22004e-17
3.16892e-17
3.13888e-17
3.11917e-17
3.11003e-17
3.10693e-17
3.11303e-17
3.12127e-17
3.13814e-17
3.17735e-17
3.15566e-17
3.14078e-17
3.13249e-17
3.13312e-17
3.14472e-17
3.16242e-17
3.2e-17
3.25613e-17
3.34458e-17
3.50589e-17
3.77732e-17
4.30926e-17
2.94573e-17
1.13237e-17
5.41598e-18
2.95768e-18
2.20725e-18
3.65268e-18
4.90743e-18
8.24309e-18
1.54584e-17
2.86061e-17
3.33219e-17
3.39753e-17
3.30182e-17
3.23731e-17
3.1852e-17
3.14653e-17
3.12548e-17
3.11154e-17
3.10809e-17
3.1081e-17
3.11739e-17
3.13121e-17
3.15182e-17
3.16126e-17
3.14297e-17
3.13454e-17
3.13245e-17
3.13762e-17
3.15456e-17
3.1833e-17
3.23522e-17
3.31125e-17
3.42552e-17
3.66725e-17
3.94458e-17
4.35801e-17
1.4639e-17
6.81588e-18
3.60427e-18
2.25224e-18
2.29495e-18
2.84856e-18
4.20434e-18
7.99185e-18
1.60975e-17
2.78703e-17
3.48873e-17
3.38161e-17
3.29552e-17
3.22811e-17
3.18382e-17
3.15118e-17
3.13004e-17
3.1225e-17
3.12129e-17
3.12619e-17
3.13824e-17
3.15477e-17
3.19828e-17
3.17384e-17
3.15683e-17
3.14896e-17
3.14779e-17
3.1589e-17
3.17776e-17
3.21475e-17
3.27921e-17
3.36307e-17
3.53176e-17
3.76122e-17
4.50808e-17
2.32621e-17
8.11907e-18
3.93972e-18
1.68866e-18
1.02867e-18
2.44729e-18
3.51852e-18
6.11226e-18
1.19496e-17
2.28488e-17
3.39338e-17
3.4108e-17
3.32242e-17
3.24896e-17
3.19696e-17
3.1624e-17
3.13844e-17
3.12444e-17
3.12048e-17
3.1231e-17
3.13228e-17
3.14709e-17
3.1713e-17
3.18142e-17
3.16411e-17
3.15134e-17
3.14915e-17
3.15561e-17
3.17215e-17
3.19589e-17
3.2522e-17
3.33641e-17
3.47113e-17
3.694e-17
4.14303e-17
3.54674e-17
1.24372e-17
4.79888e-18
2.34559e-18
1.25455e-18
