1.86317e-17
1.89282e-17
1.96599e-17
2.07812e-17
2.20523e-17
2.35528e-17
2.4772e-17
2.60528e-17
2.68424e-17
2.74317e-17
2.78461e-17
2.81019e-17
2.8227e-17
2.82868e-17
2.8304e-17
2.82781e-17
2.8221e-17
2.81358e-17
2.80872e-17
2.8186e-17
2.82492e-17
2.83102e-17
2.82995e-17
2.82641e-17
2.81566e-17
2.79643e-17
2.76221e-17
2.71764e-17
2.63551e-17
2.53476e-17
2.41555e-17
2.27176e-17
2.12089e-17
1.99734e-17
1.9142e-17
1.8689e-17
1.87504e-17
1.93008e-17
2.02554e-17
2.15699e-17
2.30939e-17
2.44284e-17
2.56511e-17
2.66012e-17
2.72476e-17
2.77616e-17
2.80331e-17
2.81965e-17
2.82826e-17
2.83054e-17
2.82931e-17
2.82504e-17
2.81734e-17
2.80335e-17
2.81544e-17
2.82611e-17
2.82905e-17
2.83002e-17
2.82816e-17
2.82035e-17
2.80548e-17
2.77714e-17
2.73406e-17
2.66346e-17
2.57485e-17
2.46369e-17
2.31577e-17
2.16706e-17
2.03183e-17
1.93919e-17
1.87722e-17
1.88882e-17
1.91633e-17
1.98651e-17
2.08828e-17
2.23028e-17
2.37191e-17
2.50324e-17
2.60468e-17
2.69688e-17
2.75134e-17
2.79124e-17
2.8153e-17
2.82903e-17
2.83766e-17
2.84045e-17
2.83823e-17
2.83368e-17
2.82493e-17
2.81899e-17
2.83101e-17
2.83747e-17
2.83982e-17
2.83876e-17
2.83295e-17
2.82092e-17
2.80368e-17
2.76775e-17
2.72032e-17
2.65047e-17
2.53773e-17
2.4268e-17
2.27751e-17
2.14751e-17
2.02042e-17
1.9366e-17
1.89203e-17
1.90359e-17
1.96371e-17
2.05249e-17
2.17548e-17
2.33193e-17
2.46047e-17
2.5764e-17
2.66942e-17
2.73045e-17
2.78091e-17
2.80875e-17
2.82582e-17
2.83518e-17
2.8389e-17
2.83904e-17
2.83523e-17
2.8281e-17
2.81824e-17
2.82811e-17
2.83491e-17
2.8393e-17
2.83918e-17
2.83561e-17
2.8258e-17
2.81134e-17
2.78627e-17
2.74222e-17
2.67508e-17
2.57764e-17
2.46653e-17
2.33231e-17
2.20351e-17
2.06064e-17
1.96646e-17
1.90283e-17
1.96095e-17
1.98828e-17
2.05123e-17
2.15616e-17
2.28434e-17
2.41168e-17
2.53535e-17
2.62733e-17
2.71398e-17
2.76431e-17
2.79707e-17
2.82136e-17
2.83461e-17
2.84275e-17
2.84565e-17
2.84479e-17
2.84036e-17
2.83206e-17
2.82791e-17
2.83788e-17
2.84303e-17
2.84549e-17
2.84382e-17
2.83849e-17
2.82862e-17
2.80991e-17
2.77567e-17
2.73318e-17
2.66021e-17
2.56262e-17
2.46355e-17
2.33964e-17
2.191e-17
2.08325e-17
2.00474e-17
1.96378e-17
1.96964e-17
2.02111e-17
2.12307e-17
2.22123e-17
2.36621e-17
2.48517e-17
2.6053e-17
2.68669e-17
2.75194e-17
2.78863e-17
2.8142e-17
2.83114e-17
2.84053e-17
2.84529e-17
2.84509e-17
2.84209e-17
2.8354e-17
2.82503e-17
2.83412e-17
2.84179e-17
2.84537e-17
2.84405e-17
2.84163e-17
2.83228e-17
2.81613e-17
2.78982e-17
2.75115e-17
2.68764e-17
2.59913e-17
2.50053e-17
2.36385e-17
2.23804e-17
2.12063e-17
2.03107e-17
1.96341e-17
2.06669e-17
2.09611e-17
2.15835e-17
2.25969e-17
2.36126e-17
2.47379e-17
2.57399e-17
2.66495e-17
2.73001e-17
2.77324e-17
2.80631e-17
2.82747e-17
2.83867e-17
2.84532e-17
2.84795e-17
2.84713e-17
2.84378e-17
2.83612e-17
2.83191e-17
2.84089e-17
2.84584e-17
2.84794e-17
2.84655e-17
2.84178e-17
2.83233e-17
2.81582e-17
2.78919e-17
2.746e-17
2.69205e-17
2.61653e-17
2.51862e-17
2.39525e-17
2.28618e-17
2.1942e-17
2.11551e-17
2.09583e-17
2.08557e-17
2.1365e-17
2.20478e-17
2.32064e-17
2.43526e-17
2.54201e-17
2.63692e-17
2.70872e-17
2.76118e-17
2.79495e-17
2.82183e-17
2.83518e-17
2.84378e-17
2.84736e-17
2.8479e-17
2.84508e-17
2.83948e-17
2.82951e-17
2.83816e-17
2.84495e-17
2.8476e-17
2.84768e-17
2.84396e-17
2.83628e-17
2.82307e-17
2.79965e-17
2.76432e-17
2.7149e-17
2.64063e-17
2.5529e-17
2.44218e-17
2.31709e-17
2.20562e-17
2.11956e-17
2.07603e-17
2.21411e-17
2.2284e-17
2.27493e-17
2.35606e-17
2.4622e-17
2.55633e-17
2.63226e-17
2.69633e-17
2.75185e-17
2.78924e-17
2.81441e-17
2.83187e-17
2.84148e-17
2.8464e-17
2.84819e-17
2.84718e-17
2.84338e-17
2.83634e-17
2.83363e-17
2.84108e-17
2.84585e-17
2.84816e-17
2.84749e-17
2.84372e-17
2.83529e-17
2.82068e-17
2.80024e-17
2.76423e-17
2.71927e-17
2.65257e-17
2.58391e-17
2.48579e-17
2.38504e-17
2.2963e-17
2.25128e-17
2.20615e-17
2.22484e-17
2.26567e-17
2.32735e-17
2.42231e-17
2.5119e-17
2.60149e-17
2.67261e-17
2.73825e-17
2.7759e-17
2.80463e-17
2.82742e-17
2.83906e-17
2.84504e-17
2.8478e-17
2.84737e-17
2.84491e-17
2.83915e-17
2.83096e-17
2.83869e-17
2.84452e-17
2.8474e-17
2.84794e-17
2.84545e-17
2.83851e-17
2.82718e-17
2.80888e-17
2.77922e-17
2.73568e-17
2.68368e-17
2.60753e-17
2.52749e-17
2.4275e-17
2.34506e-17
2.26382e-17
2.22475e-17
2.35466e-17
2.38265e-17
2.41662e-17
2.4709e-17
2.54828e-17
2.61303e-17
2.67597e-17
2.73692e-17
2.77174e-17
2.80218e-17
2.82053e-17
2.83433e-17
2.84125e-17
2.84533e-17
2.84478e-17
2.84294e-17
2.8398e-17
2.83398e-17
2.83052e-17
2.83713e-17
2.84235e-17
2.84503e-17
2.84502e-17
2.84288e-17
2.83796e-17
2.8261e-17
2.8115e-17
2.78279e-17
2.75036e-17
2.69881e-17
2.63545e-17
2.56323e-17
2.49005e-17
2.42731e-17
2.38635e-17
2.35785e-17
2.35938e-17
2.40045e-17
2.4499e-17
2.51292e-17
2.58107e-17
2.65664e-17
2.7191e-17
2.76072e-17
2.79493e-17
2.81428e-17
2.83067e-17
2.8397e-17
2.844e-17
2.84496e-17
2.84359e-17
2.84052e-17
2.83615e-17
2.82906e-17
2.83584e-17
2.84092e-17
2.84347e-17
2.84556e-17
2.84402e-17
2.84015e-17
2.83068e-17
2.81696e-17
2.79488e-17
2.75827e-17
2.7152e-17
2.65581e-17
2.59534e-17
2.52101e-17
2.44896e-17
2.40773e-17
2.3517e-17
2.50201e-17
2.50784e-17
2.53761e-17
2.58385e-17
2.63512e-17
2.67834e-17
2.72494e-17
2.76469e-17
2.79183e-17
2.81229e-17
2.82743e-17
2.83583e-17
2.83912e-17
2.84035e-17
2.83912e-17
2.83478e-17
2.82973e-17
2.82489e-17
2.8224e-17
2.8283e-17
2.83365e-17
2.83688e-17
2.83915e-17
2.83891e-17
2.83709e-17
2.83023e-17
2.81785e-17
2.79973e-17
2.77633e-17
2.74231e-17
2.69932e-17
2.63113e-17
2.58599e-17
2.53928e-17
2.51401e-17
2.50138e-17
2.48793e-17
2.53235e-17
2.56844e-17
2.60954e-17
2.66387e-17
2.71975e-17
2.75076e-17
2.78591e-17
2.8052e-17
2.82184e-17
2.83269e-17
2.8382e-17
2.83967e-17
2.83871e-17
2.83602e-17
2.8309e-17
2.82755e-17
2.82046e-17
2.8266e-17
2.83257e-17
2.83545e-17
2.83864e-17
2.83965e-17
2.83831e-17
2.83327e-17
2.82377e-17
2.80672e-17
2.78457e-17
2.75192e-17
2.70987e-17
2.66881e-17
2.61031e-17
2.56366e-17
2.52951e-17
2.50764e-17
2.6001e-17
2.61277e-17
2.62688e-17
2.66386e-17
2.69359e-17
2.7285e-17
2.76495e-17
2.78944e-17
2.80755e-17
2.82231e-17
2.82983e-17
2.83329e-17
2.83291e-17
2.83016e-17
2.82413e-17
2.82002e-17
2.81326e-17
2.8075e-17
2.80578e-17
2.81052e-17
2.81978e-17
2.82402e-17
2.82732e-17
2.83151e-17
2.83322e-17
2.83124e-17
2.824e-17
2.81371e-17
2.79908e-17
2.77158e-17
2.74406e-17
2.70847e-17
2.66913e-17
2.64174e-17
2.6176e-17
2.60457e-17
2.60393e-17
2.62462e-17
2.65641e-17
2.68696e-17
2.72026e-17
2.75288e-17
2.78233e-17
2.80198e-17
2.81852e-17
2.82744e-17
2.83201e-17
2.83328e-17
2.83114e-17
2.82679e-17
2.82315e-17
2.81791e-17
2.8086e-17
2.8043e-17
2.80899e-17
2.81474e-17
2.82133e-17
2.82664e-17
2.83091e-17
2.83336e-17
2.83257e-17
2.82724e-17
2.81881e-17
2.80342e-17
2.7827e-17
2.75299e-17
2.72346e-17
2.68939e-17
2.64509e-17
2.62822e-17
2.60396e-17
2.6867e-17
2.69473e-17
2.71181e-17
2.73358e-17
2.7512e-17
2.77121e-17
2.7897e-17
2.80967e-17
2.81914e-17
2.82648e-17
2.82829e-17
2.82635e-17
2.82296e-17
2.81461e-17
2.80581e-17
2.7972e-17
2.78636e-17
2.78057e-17
2.77731e-17
2.78104e-17
2.79439e-17
2.8016e-17
2.8099e-17
2.81959e-17
2.82609e-17
2.82842e-17
2.82757e-17
2.82266e-17
2.81401e-17
2.79645e-17
2.78454e-17
2.75975e-17
2.74089e-17
2.71981e-17
2.69448e-17
2.69933e-17
2.69169e-17
2.69857e-17
2.71863e-17
2.74195e-17
2.76508e-17
2.78649e-17
2.80391e-17
2.81616e-17
2.8241e-17
2.82767e-17
2.82752e-17
2.82323e-17
2.81664e-17
2.80857e-17
2.79761e-17
2.79055e-17
2.78308e-17
2.77412e-17
2.77812e-17
2.78948e-17
2.79961e-17
2.80681e-17
2.8157e-17
2.82239e-17
2.82796e-17
2.82807e-17
2.82479e-17
2.81847e-17
2.80426e-17
2.78354e-17
2.76836e-17
2.74443e-17
2.72033e-17
2.70109e-17
2.69441e-17
2.74744e-17
2.75322e-17
2.76158e-17
2.77067e-17
2.78828e-17
2.80237e-17
2.81434e-17
2.8215e-17
2.82614e-17
2.82667e-17
2.823e-17
2.81626e-17
2.80332e-17
2.79162e-17
2.77325e-17
2.7559e-17
2.74148e-17
2.74086e-17
2.7357e-17
2.73963e-17
2.75354e-17
2.76723e-17
2.78354e-17
2.7967e-17
2.81176e-17
2.81971e-17
2.82593e-17
2.827e-17
2.82442e-17
2.81686e-17
2.80729e-17
2.79305e-17
2.78045e-17
2.76458e-17
2.75684e-17
2.75029e-17
2.74844e-17
2.76098e-17
2.77089e-17
2.78545e-17
2.79782e-17
2.80861e-17
2.81944e-17
2.82529e-17
2.827e-17
2.82515e-17
2.81918e-17
2.80792e-17
2.79498e-17
2.77942e-17
2.76416e-17
2.7466e-17
2.73595e-17
2.7304e-17
2.73843e-17
2.7464e-17
2.76211e-17
2.77639e-17
2.79446e-17
2.80771e-17
2.81754e-17
2.82416e-17
2.82688e-17
2.82474e-17
2.81963e-17
2.81068e-17
2.7968e-17
2.78309e-17
2.77122e-17
2.75659e-17
2.75217e-17
2.78665e-17
2.79219e-17
2.79751e-17
2.8072e-17
2.81462e-17
2.82234e-17
2.82711e-17
2.82974e-17
2.82866e-17
2.82327e-17
2.81375e-17
2.79785e-17
2.77637e-17
2.75306e-17
2.72726e-17
2.70541e-17
2.67647e-17
2.66872e-17
2.66706e-17
2.67581e-17
2.69455e-17
2.7146e-17
2.74851e-17
2.76875e-17
2.79167e-17
2.80664e-17
2.8201e-17
2.82695e-17
2.82981e-17
2.82838e-17
2.82308e-17
2.81703e-17
2.80934e-17
2.79917e-17
2.79333e-17
2.78771e-17
2.78966e-17
2.7952e-17
2.80348e-17
2.81235e-17
2.81845e-17
2.82541e-17
2.82975e-17
2.8292e-17
2.82543e-17
2.81789e-17
2.80397e-17
2.78479e-17
2.76373e-17
2.73754e-17
2.7113e-17
2.68612e-17
2.67624e-17
2.6695e-17
2.67265e-17
2.68626e-17
2.70307e-17
2.73827e-17
2.75976e-17
2.78636e-17
2.80219e-17
2.81677e-17
2.82511e-17
2.82905e-17
2.82944e-17
2.82774e-17
2.81923e-17
2.80919e-17
2.80357e-17
2.79632e-17
2.78978e-17
2.80916e-17
2.81571e-17
2.8209e-17
2.82617e-17
2.83067e-17
2.83435e-17
2.83484e-17
2.83271e-17
2.82669e-17
2.81583e-17
2.79578e-17
2.77174e-17
2.73969e-17
2.70144e-17
2.66511e-17
2.62454e-17
2.59019e-17
2.58295e-17
2.57242e-17
2.59489e-17
2.62037e-17
2.64895e-17
2.68962e-17
2.72538e-17
2.76046e-17
2.79155e-17
2.8101e-17
2.82304e-17
2.83134e-17
2.83487e-17
2.83507e-17
2.83251e-17
2.82834e-17
2.82285e-17
2.81634e-17
2.81132e-17
2.81523e-17
2.8199e-17
2.82446e-17
2.82952e-17
2.83402e-17
2.83503e-17
2.83468e-17
2.82929e-17
2.81884e-17
2.80542e-17
2.78029e-17
2.75214e-17
2.71712e-17
2.67919e-17
2.63338e-17
2.60249e-17
2.58221e-17
2.57164e-17
2.58697e-17
2.60757e-17
2.64015e-17
2.67374e-17
2.71662e-17
2.75139e-17
2.78091e-17
2.80467e-17
2.81874e-17
2.82914e-17
2.83391e-17
2.8357e-17
2.83411e-17
2.83038e-17
2.82527e-17
2.82045e-17
2.81423e-17
2.82355e-17
2.83065e-17
2.83548e-17
2.83845e-17
2.84119e-17
2.8412e-17
2.8393e-17
2.8319e-17
2.82179e-17
2.80564e-17
2.77803e-17
2.74133e-17
2.69267e-17
2.64455e-17
2.5844e-17
2.52433e-17
2.48152e-17
2.4618e-17
2.44752e-17
2.46936e-17
2.51231e-17
2.5688e-17
2.6301e-17
2.67754e-17
2.72315e-17
2.76327e-17
2.79485e-17
2.81565e-17
2.82964e-17
2.83774e-17
2.84062e-17
2.8416e-17
2.84015e-17
2.83649e-17
2.83282e-17
2.82571e-17
2.82765e-17
2.83384e-17
2.83801e-17
2.84052e-17
2.84201e-17
2.84049e-17
2.83607e-17
2.82568e-17
2.8111e-17
2.78789e-17
2.74991e-17
2.71275e-17
2.66615e-17
2.60063e-17
2.54295e-17
2.50503e-17
2.46989e-17
2.45954e-17
2.46294e-17
2.49796e-17
2.53801e-17
2.60698e-17
2.66075e-17
2.71065e-17
2.75282e-17
2.78607e-17
2.81103e-17
2.82519e-17
2.8356e-17
2.83981e-17
2.8415e-17
2.84078e-17
2.83747e-17
2.83458e-17
2.82768e-17
2.82973e-17
2.83684e-17
2.84213e-17
2.84552e-17
2.84647e-17
2.84481e-17
2.8387e-17
2.83075e-17
2.81224e-17
2.78894e-17
2.75382e-17
2.70679e-17
2.6441e-17
2.56595e-17
2.48102e-17
2.41268e-17
2.3626e-17
2.31158e-17
2.31382e-17
2.34005e-17
2.39179e-17
2.4702e-17
2.53377e-17
2.61264e-17
2.68086e-17
2.73885e-17
2.77602e-17
2.80527e-17
2.82628e-17
2.83697e-17
2.84351e-17
2.84625e-17
2.84614e-17
2.84398e-17
2.83901e-17
2.83228e-17
2.83497e-17
2.84108e-17
2.84438e-17
2.84639e-17
2.84535e-17
2.84229e-17
2.83379e-17
2.82129e-17
2.79776e-17
2.76712e-17
2.72419e-17
2.66316e-17
2.59364e-17
2.51483e-17
2.43823e-17
2.3805e-17
2.3389e-17
2.31576e-17
2.31938e-17
2.38503e-17
2.42574e-17
2.51709e-17
2.58974e-17
2.66828e-17
2.72483e-17
2.76511e-17
2.79754e-17
2.82144e-17
2.83385e-17
2.84179e-17
2.84549e-17
2.84659e-17
2.84478e-17
2.84123e-17
2.83544e-17
2.8316e-17
2.8398e-17
2.84498e-17
2.84797e-17
2.84803e-17
2.84501e-17
2.83785e-17
2.8259e-17
2.80566e-17
2.77068e-17
2.72355e-17
2.66546e-17
2.59284e-17
2.48977e-17
2.38548e-17
2.30618e-17
2.21214e-17
2.16839e-17
2.16662e-17
2.20628e-17
2.25218e-17
2.35305e-17
2.44371e-17
2.5488e-17
2.63334e-17
2.70853e-17
2.7613e-17
2.79453e-17
2.81822e-17
2.83382e-17
2.843e-17
2.84733e-17
2.84834e-17
2.84653e-17
2.84134e-17
2.83437e-17
2.837e-17
2.84311e-17
2.84721e-17
2.84857e-17
2.84645e-17
2.84098e-17
2.8303e-17
2.81256e-17
2.78375e-17
2.74257e-17
2.68965e-17
2.62184e-17
2.53121e-17
2.42573e-17
2.34379e-17
2.24806e-17
2.18405e-17
2.16283e-17
2.19314e-17
2.23031e-17
2.34071e-17
2.41109e-17
2.51871e-17
2.60616e-17
2.68005e-17
2.73903e-17
2.78399e-17
2.81324e-17
2.82917e-17
2.84037e-17
2.84619e-17
2.84838e-17
2.84732e-17
2.84327e-17
2.83703e-17
2.82872e-17
2.83855e-17
2.84418e-17
2.84714e-17
2.84695e-17
2.84275e-17
2.8356e-17
2.82031e-17
2.79693e-17
2.75853e-17
2.70246e-17
2.62808e-17
2.53414e-17
2.41458e-17
2.28576e-17
2.17772e-17
2.10238e-17
2.04078e-17
2.03601e-17
2.07676e-17
2.15451e-17
2.25115e-17
2.36644e-17
2.49726e-17
2.58424e-17
2.67864e-17
2.74485e-17
2.7818e-17
2.81192e-17
2.83026e-17
2.84032e-17
2.846e-17
2.84758e-17
2.84559e-17
2.84096e-17
2.83291e-17
2.83496e-17
2.8422e-17
2.84621e-17
2.84729e-17
2.84503e-17
2.83898e-17
2.82588e-17
2.80574e-17
2.77261e-17
2.72194e-17
2.66432e-17
2.56466e-17
2.45156e-17
2.33586e-17
2.20615e-17
2.10844e-17
2.05741e-17
2.03416e-17
2.03877e-17
2.11239e-17
2.21219e-17
2.32099e-17
2.44752e-17
2.55922e-17
2.65117e-17
2.71188e-17
2.76879e-17
2.80352e-17
2.82541e-17
2.83688e-17
2.84433e-17
2.84751e-17
2.84663e-17
2.84303e-17
2.83597e-17
2.82312e-17
2.83451e-17
2.84008e-17
2.84346e-17
2.8439e-17
2.83947e-17
2.82892e-17
2.81214e-17
2.78613e-17
2.74582e-17
2.68105e-17
2.59798e-17
2.48545e-17
2.35989e-17
2.22432e-17
2.08605e-17
1.99992e-17
1.94861e-17
1.93845e-17
1.97439e-17
2.05749e-17
2.15456e-17
2.30416e-17
2.44319e-17
2.55788e-17
2.65028e-17
2.72226e-17
2.77089e-17
2.80507e-17
2.82377e-17
2.83591e-17
2.84248e-17
2.84381e-17
2.84145e-17
2.83646e-17
2.82729e-17
2.83064e-17
2.8384e-17
2.84221e-17
2.84362e-17
2.84101e-17
2.83488e-17
2.8181e-17
2.79615e-17
2.76117e-17
2.70334e-17
2.63546e-17
2.52371e-17
2.40569e-17
2.26198e-17
2.12915e-17
2.02453e-17
1.96224e-17
1.9318e-17
1.95884e-17
2.02695e-17
2.12277e-17
2.26162e-17
2.39588e-17
2.52938e-17
2.6213e-17
2.703e-17
2.75868e-17
2.79589e-17
2.81943e-17
2.83397e-17
2.84097e-17
2.84368e-17
2.8427e-17
2.83831e-17
2.83069e-17
2.81298e-17
2.82538e-17
2.83258e-17
2.83626e-17
2.83765e-17
2.83363e-17
2.82454e-17
2.80933e-17
2.78014e-17
2.73188e-17
2.67e-17
2.57572e-17
2.46032e-17
2.31159e-17
2.17352e-17
2.04854e-17
1.95105e-17
1.88817e-17
1.8807e-17
1.9215e-17
2.00411e-17
2.12597e-17
2.2656e-17
2.4024e-17
2.5288e-17
2.6402e-17
2.71405e-17
2.76681e-17
2.79742e-17
2.81945e-17
2.83157e-17
2.83598e-17
2.83704e-17
2.83419e-17
2.8279e-17
2.8174e-17
2.82185e-17
2.82983e-17
2.83581e-17
2.83749e-17
2.83508e-17
2.829e-17
2.81498e-17
2.78906e-17
2.75256e-17
2.6944e-17
2.60391e-17
2.50428e-17
2.35426e-17
2.21687e-17
2.09007e-17
1.97248e-17
1.90671e-17
1.87354e-17
1.90013e-17
1.97761e-17
2.07885e-17
2.20364e-17
2.37064e-17
2.48849e-17
2.6077e-17
2.6946e-17
2.75214e-17
2.7874e-17
2.81192e-17
2.82716e-17
2.83532e-17
2.83752e-17
2.83606e-17
2.83144e-17
2.82264e-17
2.80714e-17
2.82109e-17
2.82889e-17
2.83303e-17
2.83376e-17
2.83073e-17
2.82234e-17
2.80409e-17
2.77701e-17
2.73479e-17
2.66441e-17
2.56976e-17
2.45736e-17
2.31174e-17
2.15279e-17
2.04484e-17
1.93223e-17
1.87866e-17
1.87115e-17
1.90908e-17
1.99457e-17
2.11209e-17
2.26638e-17
2.40015e-17
2.53292e-17
2.63738e-17
2.71362e-17
2.76e-17
2.79779e-17
2.81755e-17
2.82849e-17
2.83322e-17
2.83315e-17
2.83022e-17
2.82333e-17
2.813e-17
2.81517e-17
2.82626e-17
2.8309e-17
2.83425e-17
2.83231e-17
2.82539e-17
2.81176e-17
2.78681e-17
2.75153e-17
2.69068e-17
2.6133e-17
2.49627e-17
2.35915e-17
2.20864e-17
2.07521e-17
1.97817e-17
1.89389e-17
1.86737e-17
1.89281e-17
1.96512e-17
2.07138e-17
2.20107e-17
2.35349e-17
2.4978e-17
2.60198e-17
2.68889e-17
2.75377e-17
2.78768e-17
2.81376e-17
2.82471e-17
2.8325e-17
2.83362e-17
2.83244e-17
2.82685e-17
2.81769e-17
2.82111e-17
2.83093e-17
2.83752e-17
2.84224e-17
2.84099e-17
2.83754e-17
2.82819e-17
2.8105e-17
2.78151e-17
2.73922e-17
2.67504e-17
2.57937e-17
2.46534e-17
2.34586e-17
2.19965e-17
2.0777e-17
1.97112e-17
1.92052e-17
1.91247e-17
1.95972e-17
2.03599e-17
2.14707e-17
2.28836e-17
2.42345e-17
2.54784e-17
2.64833e-17
2.72004e-17
2.76706e-17
2.80406e-17
2.82015e-17
2.83502e-17
2.84074e-17
2.84168e-17
2.83966e-17
2.83396e-17
2.82462e-17
2.82758e-17
2.83585e-17
2.84047e-17
2.84161e-17
2.83841e-17
2.83246e-17
2.81994e-17
2.79431e-17
2.75597e-17
2.70576e-17
2.62284e-17
2.51424e-17
2.38612e-17
2.25329e-17
2.1102e-17
1.9998e-17
1.92913e-17
1.90722e-17
1.93225e-17
2.00093e-17
2.10798e-17
2.24053e-17
2.38293e-17
2.50751e-17
2.62073e-17
2.69556e-17
2.75304e-17
2.79251e-17
2.8186e-17
2.83171e-17
2.8393e-17
2.84209e-17
2.84094e-17
2.83704e-17
2.82793e-17
2.8265e-17
2.83662e-17
2.84304e-17
2.84648e-17
2.84562e-17
2.84224e-17
2.83219e-17
2.81757e-17
2.78998e-17
2.75542e-17
2.69677e-17
2.61972e-17
2.51635e-17
2.39677e-17
2.26052e-17
2.14299e-17
2.05049e-17
1.99323e-17
2.00307e-17
2.034e-17
2.11884e-17
2.2093e-17
2.34549e-17
2.47944e-17
2.58333e-17
2.66866e-17
2.73478e-17
2.77983e-17
2.80929e-17
2.82808e-17
2.83953e-17
2.84508e-17
2.84657e-17
2.84453e-17
2.84027e-17
2.83186e-17
2.83289e-17
2.84141e-17
2.84553e-17
2.84636e-17
2.84381e-17
2.83599e-17
2.8238e-17
2.80127e-17
2.76945e-17
2.72107e-17
2.64993e-17
2.54914e-17
2.44109e-17
2.30407e-17
2.18139e-17
2.08258e-17
2.01193e-17
1.98912e-17
2.01797e-17
2.08017e-17
2.19031e-17
2.29475e-17
2.43023e-17
2.54517e-17
2.63956e-17
2.71307e-17
2.76744e-17
2.79959e-17
2.82316e-17
2.83604e-17
2.84397e-17
2.84632e-17
2.84587e-17
2.84176e-17
2.83453e-17
2.83019e-17
2.83909e-17
2.84516e-17
2.84796e-17
2.84797e-17
2.84445e-17
2.83708e-17
2.82274e-17
2.79966e-17
2.76848e-17
2.71715e-17
2.64835e-17
2.55947e-17
2.45639e-17
2.34704e-17
2.25204e-17
2.17032e-17
2.119e-17
2.12221e-17
2.15489e-17
2.2265e-17
2.30849e-17
2.42555e-17
2.54234e-17
2.62441e-17
2.70042e-17
2.75375e-17
2.79201e-17
2.81614e-17
2.83322e-17
2.84267e-17
2.84724e-17
2.8484e-17
2.84656e-17
2.84185e-17
2.83368e-17
2.837e-17
2.84378e-17
2.84744e-17
2.84837e-17
2.84597e-17
2.84014e-17
2.82845e-17
2.80922e-17
2.78254e-17
2.73598e-17
2.67341e-17
2.5987e-17
2.50672e-17
2.38444e-17
2.29121e-17
2.18852e-17
2.14205e-17
2.11151e-17
2.14048e-17
2.20271e-17
2.29685e-17
2.37412e-17
2.50707e-17
2.58714e-17
2.67918e-17
2.73102e-17
2.78228e-17
2.80997e-17
2.82836e-17
2.83897e-17
2.84589e-17
2.84823e-17
2.84765e-17
2.84394e-17
2.83711e-17
2.83028e-17
2.83814e-17
2.84439e-17
2.84677e-17
2.84758e-17
2.84488e-17
2.83971e-17
2.82881e-17
2.80956e-17
2.78553e-17
2.74375e-17
2.68955e-17
2.62197e-17
2.53908e-17
2.45482e-17
2.37141e-17
2.30554e-17
2.26794e-17
2.25047e-17
2.29988e-17
2.34718e-17
2.42035e-17
2.5083e-17
2.58543e-17
2.67049e-17
2.7266e-17
2.77067e-17
2.8011e-17
2.82297e-17
2.83526e-17
2.8432e-17
2.84683e-17
2.84723e-17
2.84482e-17
2.84113e-17
2.8339e-17
2.83615e-17
2.84218e-17
2.84593e-17
2.84748e-17
2.84663e-17
2.8415e-17
2.83356e-17
2.81624e-17
2.79264e-17
2.75643e-17
2.71024e-17
2.64343e-17
2.57116e-17
2.4718e-17
2.39878e-17
2.33688e-17
2.26332e-17
2.2594e-17
2.27675e-17
2.30529e-17
2.39389e-17
2.47197e-17
2.56473e-17
2.64384e-17
2.70731e-17
2.75692e-17
2.79272e-17
2.81694e-17
2.83203e-17
2.84122e-17
2.84584e-17
2.84761e-17
2.84604e-17
2.84266e-17
2.83658e-17
2.82545e-17
2.83329e-17
2.83839e-17
2.8421e-17
2.84375e-17
2.84291e-17
2.83927e-17
2.83195e-17
2.82007e-17
2.79994e-17
2.77145e-17
2.72499e-17
2.67926e-17
2.6168e-17
2.56195e-17
2.49311e-17
2.44183e-17
2.41812e-17
2.40645e-17
2.42494e-17
2.47555e-17
2.53277e-17
2.59733e-17
2.66183e-17
2.70488e-17
2.75436e-17
2.79127e-17
2.81322e-17
2.82838e-17
2.83742e-17
2.84255e-17
2.84377e-17
2.84257e-17
2.84018e-17
2.83584e-17
2.82977e-17
2.83121e-17
2.83603e-17
2.84091e-17
2.84301e-17
2.84327e-17
2.84092e-17
2.83558e-17
2.82376e-17
2.80598e-17
2.7772e-17
2.74344e-17
2.69469e-17
2.63211e-17
2.58038e-17
2.50542e-17
2.44112e-17
2.4236e-17
2.39996e-17
2.41395e-17
2.4514e-17
2.50661e-17
2.56556e-17
2.6343e-17
2.69464e-17
2.7407e-17
2.77953e-17
2.80611e-17
2.82385e-17
2.83473e-17
2.84097e-17
2.84396e-17
2.84333e-17
2.8413e-17
2.83748e-17
2.83199e-17
2.81447e-17
2.82314e-17
2.82748e-17
2.83077e-17
2.83502e-17
2.83713e-17
2.83727e-17
2.83357e-17
2.82493e-17
2.8126e-17
2.79433e-17
2.76206e-17
2.72937e-17
2.68289e-17
2.64208e-17
2.5992e-17
2.54621e-17
2.53761e-17
2.53564e-17
2.56171e-17
2.57844e-17
2.62809e-17
2.66601e-17
2.7141e-17
2.75025e-17
2.78326e-17
2.80544e-17
2.82009e-17
2.831e-17
2.83614e-17
2.83748e-17
2.83598e-17
2.83288e-17
2.83002e-17
2.82441e-17
2.81656e-17
2.8204e-17
2.82518e-17
2.82932e-17
2.83455e-17
2.83725e-17
2.83789e-17
2.83538e-17
2.82875e-17
2.81749e-17
2.79858e-17
2.77322e-17
2.74266e-17
2.69978e-17
2.65383e-17
2.61006e-17
2.57421e-17
2.54586e-17
2.53267e-17
2.54673e-17
2.57078e-17
2.6076e-17
2.64808e-17
2.69241e-17
2.73678e-17
2.76932e-17
2.79633e-17
2.81665e-17
2.82788e-17
2.83514e-17
2.83745e-17
2.83699e-17
2.834e-17
2.82951e-17
2.82594e-17
2.82042e-17
2.7962e-17
2.80077e-17
2.80623e-17
2.81443e-17
2.82193e-17
2.82624e-17
2.83116e-17
2.83131e-17
2.82842e-17
2.81992e-17
2.80863e-17
2.79132e-17
2.76186e-17
2.73878e-17
2.70576e-17
2.68158e-17
2.65394e-17
2.63244e-17
2.63066e-17
2.64551e-17
2.67549e-17
2.6925e-17
2.72844e-17
2.75734e-17
2.77949e-17
2.80273e-17
2.81751e-17
2.82578e-17
2.83079e-17
2.83047e-17
2.8287e-17
2.82305e-17
2.81805e-17
2.80911e-17
2.8056e-17
2.79789e-17
2.79893e-17
2.80623e-17
2.80892e-17
2.81925e-17
2.82522e-17
2.82922e-17
2.8316e-17
2.8294e-17
2.8244e-17
2.81243e-17
2.79806e-17
2.77452e-17
2.74636e-17
2.72045e-17
2.68517e-17
2.65992e-17
2.63891e-17
2.6441e-17
2.64005e-17
2.66231e-17
2.68254e-17
2.71793e-17
2.74443e-17
2.77686e-17
2.79605e-17
2.81345e-17
2.82415e-17
2.82969e-17
2.83153e-17
2.83028e-17
2.82504e-17
2.81748e-17
2.8139e-17
2.80738e-17
2.80004e-17
2.75917e-17
2.77023e-17
2.77636e-17
2.79162e-17
2.79961e-17
2.81023e-17
2.81885e-17
2.82478e-17
2.82756e-17
2.82578e-17
2.82043e-17
2.80991e-17
2.79747e-17
2.77518e-17
2.7606e-17
2.74e-17
2.72211e-17
2.71384e-17
2.71034e-17
2.71907e-17
2.73172e-17
2.74955e-17
2.76894e-17
2.78658e-17
2.8068e-17
2.81783e-17
2.82442e-17
2.82738e-17
2.82711e-17
2.82134e-17
2.81327e-17
2.80013e-17
2.7898e-17
2.78255e-17
2.77134e-17
2.76216e-17
2.76518e-17
2.77394e-17
2.78198e-17
2.79541e-17
2.80393e-17
2.8164e-17
2.82325e-17
2.82694e-17
2.82724e-17
2.82202e-17
2.81355e-17
2.80198e-17
2.7856e-17
2.76708e-17
2.74812e-17
2.73021e-17
2.71546e-17
2.71095e-17
2.71854e-17
2.72886e-17
2.74594e-17
2.76363e-17
2.78538e-17
2.79988e-17
2.81297e-17
2.8225e-17
2.82674e-17
2.82656e-17
2.82333e-17
2.81823e-17
2.80597e-17
2.7951e-17
2.78807e-17
2.77624e-17
2.76698e-17
2.71519e-17
2.71953e-17
2.73154e-17
2.74594e-17
2.77063e-17
2.78656e-17
2.80152e-17
2.81297e-17
2.8225e-17
2.8269e-17
2.82656e-17
2.82333e-17
2.81352e-17
2.80597e-17
2.7951e-17
2.78757e-17
2.77268e-17
2.76644e-17
2.76289e-17
2.77149e-17
2.77956e-17
2.78933e-17
2.80143e-17
2.81091e-17
2.82005e-17
2.82592e-17
2.82755e-17
2.82473e-17
2.81678e-17
2.80686e-17
2.79088e-17
2.77027e-17
2.7512e-17
2.73581e-17
2.7205e-17
2.70843e-17
2.71403e-17
2.72808e-17
2.74304e-17
2.76008e-17
2.77601e-17
2.79372e-17
2.81113e-17
2.82063e-17
2.82536e-17
2.82675e-17
2.82503e-17
2.81893e-17
2.81024e-17
2.79923e-17
2.7879e-17
2.77859e-17
2.7716e-17
2.76098e-17
2.76861e-17
2.77636e-17
2.7917e-17
2.79927e-17
2.80808e-17
2.81885e-17
2.82467e-17
2.82718e-17
2.82632e-17
2.82043e-17
2.80991e-17
2.79747e-17
2.78156e-17
2.7606e-17
2.74e-17
2.72485e-17
2.7144e-17
2.6318e-17
2.64358e-17
2.66352e-17
2.68998e-17
2.71793e-17
2.75042e-17
2.77686e-17
2.79829e-17
2.81345e-17
2.82415e-17
2.82969e-17
2.83153e-17
2.83028e-17
2.82504e-17
2.81748e-17
2.81402e-17
2.80738e-17
2.80004e-17
2.79719e-17
2.80104e-17
2.80987e-17
2.81688e-17
2.82304e-17
2.82778e-17
2.83089e-17
2.83076e-17
2.82592e-17
2.81749e-17
2.80237e-17
2.78202e-17
2.75982e-17
2.73346e-17
2.70326e-17
2.6717e-17
2.6501e-17
2.64182e-17
2.63934e-17
2.65093e-17
2.68206e-17
2.70899e-17
2.73953e-17
2.76546e-17
2.78943e-17
2.80734e-17
2.82069e-17
2.82823e-17
2.83103e-17
2.8303e-17
2.82643e-17
2.82215e-17
2.81467e-17
2.80915e-17
2.79812e-17
2.79792e-17
2.80077e-17
2.80623e-17
2.81443e-17
2.82193e-17
2.82624e-17
2.83029e-17
2.83106e-17
2.82842e-17
2.81992e-17
2.80863e-17
2.79132e-17
2.77214e-17
2.74437e-17
2.71611e-17
2.68158e-17
2.6579e-17
2.63244e-17
2.54113e-17
2.55092e-17
2.57078e-17
2.6076e-17
2.66432e-17
2.70044e-17
2.73678e-17
2.76991e-17
2.79893e-17
2.81665e-17
2.82788e-17
2.83514e-17
2.83745e-17
2.83699e-17
2.834e-17
2.82951e-17
2.8247e-17
2.81821e-17
2.81779e-17
2.82372e-17
2.82818e-17
2.83281e-17
2.83577e-17
2.8374e-17
2.83609e-17
2.83171e-17
2.82176e-17
2.80442e-17
2.78232e-17
2.75256e-17
2.71752e-17
2.66811e-17
2.62256e-17
2.58817e-17
2.55952e-17
2.53245e-17
2.52948e-17
2.55957e-17
2.60381e-17
2.63983e-17
2.68454e-17
2.73058e-17
2.76091e-17
2.78837e-17
2.8124e-17
2.82502e-17
2.83289e-17
2.83712e-17
2.83774e-17
2.83591e-17
2.83114e-17
2.82693e-17
2.82141e-17
2.81598e-17
2.82001e-17
2.82748e-17
2.83084e-17
2.83502e-17
2.83713e-17
2.83682e-17
2.83377e-17
2.82591e-17
2.8126e-17
2.79433e-17
2.76639e-17
2.72937e-17
2.69132e-17
2.64208e-17
2.60171e-17
2.56107e-17
2.54071e-17
2.4147e-17
2.42531e-17
2.46544e-17
2.50661e-17
2.57771e-17
2.64053e-17
2.69464e-17
2.7407e-17
2.78218e-17
2.80821e-17
2.82385e-17
2.8353e-17
2.84097e-17
2.84337e-17
2.84333e-17
2.84041e-17
2.83682e-17
2.83199e-17
2.82839e-17
2.83486e-17
2.84011e-17
2.84204e-17
2.84348e-17
2.84202e-17
2.83719e-17
2.83006e-17
2.8132e-17
2.78899e-17
2.75618e-17
2.71435e-17
2.65977e-17
2.59905e-17
2.53443e-17
2.46805e-17
2.43401e-17
2.41339e-17
2.40184e-17
2.44342e-17
2.49175e-17
2.54821e-17
2.62064e-17
2.67784e-17
2.7265e-17
2.76698e-17
2.79969e-17
2.81932e-17
2.83204e-17
2.83948e-17
2.84238e-17
2.84391e-17
2.84197e-17
2.83786e-17
2.83286e-17
2.82603e-17
2.83329e-17
2.83839e-17
2.84186e-17
2.84329e-17
2.843e-17
2.83922e-17
2.83323e-17
2.82007e-17
2.79994e-17
2.77145e-17
2.73136e-17
2.67926e-17
2.62593e-17
2.56195e-17
2.49311e-17
2.44183e-17
2.41812e-17
2.26562e-17
2.27675e-17
2.30824e-17
2.39389e-17
2.48475e-17
2.57329e-17
2.65116e-17
2.70993e-17
2.75692e-17
2.79335e-17
2.81822e-17
2.83329e-17
2.84122e-17
2.84624e-17
2.84721e-17
2.84585e-17
2.84239e-17
2.83658e-17
2.83221e-17
2.84047e-17
2.84522e-17
2.84707e-17
2.84695e-17
2.8434e-17
2.83633e-17
2.82172e-17
2.80326e-17
2.77299e-17
2.7298e-17
2.67196e-17
2.60235e-17
2.51938e-17
2.43801e-17
2.35269e-17
2.29567e-17
2.25777e-17
2.27597e-17
2.29536e-17
2.36967e-17
2.44637e-17
2.5357e-17
2.61934e-17
2.68288e-17
2.74564e-17
2.78254e-17
2.80893e-17
2.82827e-17
2.83919e-17
2.84488e-17
2.84726e-17
2.84675e-17
2.84391e-17
2.83883e-17
2.83055e-17
2.83814e-17
2.84361e-17
2.84677e-17
2.84758e-17
2.84505e-17
2.83971e-17
2.83033e-17
2.80956e-17
2.78553e-17
2.74375e-17
2.69067e-17
2.62482e-17
2.54563e-17
2.4617e-17
2.37781e-17
2.32365e-17
2.26794e-17
2.10647e-17
2.14048e-17
2.20271e-17
2.29685e-17
2.38476e-17
2.50707e-17
2.59489e-17
2.67918e-17
2.73776e-17
2.78282e-17
2.80997e-17
2.82836e-17
2.84001e-17
2.84617e-17
2.84823e-17
2.84767e-17
2.84394e-17
2.83711e-17
2.83405e-17
2.8417e-17
2.8463e-17
2.84825e-17
2.84721e-17
2.84295e-17
2.83445e-17
2.81978e-17
2.79173e-17
2.75325e-17
2.70042e-17
2.62905e-17
2.53438e-17
2.42921e-17
2.3289e-17
2.22687e-17
2.16637e-17
2.12349e-17
2.1364e-17
2.18168e-17
2.25767e-17
2.34749e-17
2.47005e-17
2.56172e-17
2.64758e-17
2.71748e-17
2.77085e-17
2.80306e-17
2.82209e-17
2.83575e-17
2.84451e-17
2.84765e-17
2.84815e-17
2.84516e-17
2.8402e-17
2.83003e-17
2.83909e-17
2.84516e-17
2.84801e-17
2.84807e-17
2.84445e-17
2.8376e-17
2.82442e-17
2.80366e-17
2.76848e-17
2.72091e-17
2.65424e-17
2.55947e-17
2.47251e-17
2.36082e-17
2.2631e-17
2.17032e-17
2.12925e-17
2.00037e-17
2.01797e-17
2.08017e-17
2.19031e-17
2.31172e-17
2.43023e-17
2.54478e-17
2.63956e-17
2.71762e-17
2.76744e-17
2.80073e-17
2.82316e-17
2.837e-17
2.84397e-17
2.84667e-17
2.84587e-17
2.84176e-17
2.83453e-17
2.83101e-17
2.83984e-17
2.84471e-17
2.84657e-17
2.84533e-17
2.83962e-17
2.82865e-17
2.81154e-17
2.77923e-17
2.73657e-17
2.67699e-17
2.58484e-17
2.48568e-17
2.33918e-17
2.21733e-17
2.12138e-17
2.03589e-17
2.00111e-17
2.01276e-17
2.05926e-17
2.14222e-17
2.2548e-17
2.38731e-17
2.51807e-17
2.62021e-17
2.69445e-17
2.7531e-17
2.79165e-17
2.81623e-17
2.83317e-17
2.8419e-17
2.84593e-17
2.84636e-17
2.84366e-17
2.83717e-17
2.82765e-17
2.83662e-17
2.8428e-17
2.84656e-17
2.84562e-17
2.84224e-17
2.83345e-17
2.81757e-17
2.79325e-17
2.75542e-17
2.70143e-17
2.61972e-17
2.51635e-17
2.40586e-17
2.26338e-17
2.15366e-17
2.06689e-17
2.00561e-17
1.91446e-17
1.93987e-17
2.01218e-17
2.12206e-17
2.24053e-17
2.38546e-17
2.51869e-17
2.62073e-17
2.6978e-17
2.75649e-17
2.79493e-17
2.8186e-17
2.83171e-17
2.83955e-17
2.84223e-17
2.84094e-17
2.83711e-17
2.82793e-17
2.82554e-17
2.83337e-17
2.83993e-17
2.84184e-17
2.84089e-17
2.83574e-17
2.82272e-17
2.80633e-17
2.77363e-17
2.72446e-17
2.64164e-17
2.55545e-17
2.43812e-17
2.29918e-17
2.16257e-17
2.03502e-17
1.95418e-17
1.91935e-17
1.9259e-17
1.97339e-17
2.07403e-17
2.19486e-17
2.32722e-17
2.46983e-17
2.59208e-17
2.67247e-17
2.73824e-17
2.78027e-17
2.80981e-17
2.82876e-17
2.83771e-17
2.84185e-17
2.84157e-17
2.83844e-17
2.83038e-17
2.81807e-17
2.83093e-17
2.83752e-17
2.84208e-17
2.84099e-17
2.83754e-17
2.82819e-17
2.81249e-17
2.78641e-17
2.74328e-17
2.67973e-17
2.60228e-17
2.47273e-17
2.34972e-17
2.19965e-17
2.0777e-17
1.97725e-17
1.92052e-17
1.86976e-17
1.89281e-17
1.96512e-17
2.07138e-17
2.21744e-17
2.35886e-17
2.4978e-17
2.60198e-17
2.69106e-17
2.75377e-17
2.78768e-17
2.81376e-17
2.82471e-17
2.8325e-17
2.83362e-17
2.83297e-17
2.82617e-17
2.81773e-17
2.81427e-17
2.82342e-17
2.83133e-17
2.83398e-17
2.83365e-17
2.82907e-17
2.81827e-17
2.80036e-17
2.76497e-17
2.71199e-17
2.63843e-17
2.53591e-17
2.41504e-17
2.26119e-17
2.12457e-17
2.00331e-17
1.91512e-17
1.86823e-17
1.8801e-17
1.93862e-17
2.04791e-17
2.15475e-17
2.30056e-17
2.45463e-17
2.56795e-17
2.66171e-17
2.73145e-17
2.78028e-17
2.80561e-17
2.82188e-17
2.83153e-17
2.83417e-17
2.83326e-17
2.8285e-17
2.82164e-17
2.80913e-17
2.82027e-17
2.82841e-17
2.83303e-17
2.83376e-17
2.83132e-17
2.8236e-17
2.80641e-17
2.77701e-17
2.73479e-17
2.66899e-17
2.56976e-17
2.45859e-17
2.32207e-17
2.17122e-17
2.04484e-17
1.93223e-17
1.88381e-17
1.87678e-17
1.89784e-17
1.9754e-17
2.07885e-17
2.22341e-17
2.37064e-17
2.50123e-17
2.60773e-17
2.6946e-17
2.75214e-17
2.79148e-17
2.81327e-17
2.82716e-17
2.83476e-17
2.83752e-17
2.8348e-17
2.83062e-17
2.82253e-17
2.81685e-17
2.82781e-17
2.83377e-17
2.83759e-17
2.83633e-17
2.83102e-17
2.82063e-17
2.80043e-17
2.76655e-17
2.71244e-17
2.63111e-17
2.54993e-17
2.40846e-17
2.27948e-17
2.12374e-17
2.00517e-17
1.92352e-17
1.87443e-17
1.88558e-17
1.93928e-17
2.03478e-17
2.16859e-17
2.31259e-17
2.45616e-17
2.56662e-17
2.66303e-17
2.72735e-17
2.7769e-17
2.80494e-17
2.82429e-17
2.83332e-17
2.83681e-17
2.83643e-17
2.8317e-17
2.82445e-17
2.81341e-17
2.82407e-17
2.83183e-17
2.83626e-17
2.83718e-17
2.83292e-17
2.8258e-17
2.80786e-17
2.78028e-17
2.74066e-17
2.67324e-17
2.57572e-17
2.46032e-17
2.31805e-17
2.17352e-17
2.06482e-17
1.95366e-17
1.88844e-17
1.93792e-17
1.95633e-17
2.02695e-17
2.12277e-17
2.26162e-17
2.38962e-17
2.5302e-17
2.6213e-17
2.70432e-17
2.75974e-17
2.79554e-17
2.81976e-17
2.83397e-17
2.84097e-17
2.84368e-17
2.8427e-17
2.83831e-17
2.82935e-17
2.82622e-17
2.83521e-17
2.84037e-17
2.84341e-17
2.8424e-17
2.83717e-17
2.82551e-17
2.80495e-17
2.77147e-17
2.71983e-17
2.66064e-17
2.56196e-17
2.44532e-17
2.319e-17
2.17482e-17
2.0519e-17
1.97859e-17
1.93612e-17
1.94788e-17
1.99047e-17
2.08532e-17
2.2147e-17
2.3537e-17
2.47535e-17
2.58873e-17
2.67532e-17
2.73868e-17
2.785e-17
2.81287e-17
2.83025e-17
2.8395e-17
2.84349e-17
2.84285e-17
2.83997e-17
2.83463e-17
2.82247e-17
2.83283e-17
2.83967e-17
2.84346e-17
2.8425e-17
2.83958e-17
2.83011e-17
2.81458e-17
2.78613e-17
2.7452e-17
2.68105e-17
2.5933e-17
2.48545e-17
2.35989e-17
2.22432e-17
2.10638e-17
1.99992e-17
1.93578e-17
2.02572e-17
2.03877e-17
2.11596e-17
2.21219e-17
2.33311e-17
2.44752e-17
2.54932e-17
2.65117e-17
2.71817e-17
2.76879e-17
2.8045e-17
2.82489e-17
2.83789e-17
2.84499e-17
2.84747e-17
2.84663e-17
2.84256e-17
2.83597e-17
2.83137e-17
2.84015e-17
2.8454e-17
2.84727e-17
2.84586e-17
2.84031e-17
2.83053e-17
2.81382e-17
2.78128e-17
2.73756e-17
2.68213e-17
2.60075e-17
2.48835e-17
2.36614e-17
2.25423e-17
2.13823e-17
2.07901e-17
2.04528e-17
2.03695e-17
2.09462e-17
2.18058e-17
2.28721e-17
2.40351e-17
2.52917e-17
2.61953e-17
2.70911e-17
2.75536e-17
2.79323e-17
2.8178e-17
2.83361e-17
2.84323e-17
2.84677e-17
2.84705e-17
2.844e-17
2.83846e-17
2.82846e-17
2.83824e-17
2.84418e-17
2.84714e-17
2.84695e-17
2.84315e-17
2.8356e-17
2.82031e-17
2.79693e-17
2.75837e-17
2.70192e-17
2.62808e-17
2.53414e-17
2.41278e-17
2.28576e-17
2.16796e-17
2.08611e-17
2.04078e-17
2.17368e-17
2.19314e-17
2.22782e-17
2.33389e-17
2.41084e-17
2.51871e-17
2.60616e-17
2.68005e-17
2.75141e-17
2.78399e-17
2.81361e-17
2.82917e-17
2.84037e-17
2.84635e-17
2.84838e-17
2.8473e-17
2.8433e-17
2.83703e-17
2.83376e-17
2.84177e-17
2.84612e-17
2.84833e-17
2.84733e-17
2.84349e-17
2.83458e-17
2.81966e-17
2.79462e-17
2.75974e-17
2.70597e-17
2.64557e-17
2.55074e-17
2.45196e-17
2.35684e-17
2.25893e-17
2.2036e-17
2.16477e-17
2.16622e-17
2.20848e-17
2.2868e-17
2.38462e-17
2.47222e-17
2.58129e-17
2.65863e-17
2.72375e-17
2.77113e-17
2.8046e-17
2.82361e-17
2.83689e-17
2.84464e-17
2.84787e-17
2.84802e-17
2.84558e-17
2.83993e-17
2.8308e-17
2.83921e-17
2.84498e-17
2.84785e-17
2.84819e-17
2.84501e-17
2.83786e-17
2.82605e-17
2.80462e-17
2.77463e-17
2.72355e-17
2.66546e-17
2.59176e-17
2.48977e-17
2.37712e-17
2.30563e-17
2.1994e-17
2.16839e-17
2.30045e-17
2.3109e-17
2.38503e-17
2.42574e-17
2.51295e-17
2.58974e-17
2.66866e-17
2.72213e-17
2.76591e-17
2.79754e-17
2.8219e-17
2.83385e-17
2.84198e-17
2.84554e-17
2.84659e-17
2.84478e-17
2.84123e-17
2.83544e-17
2.83243e-17
2.83866e-17
2.8439e-17
2.84606e-17
2.84609e-17
2.84338e-17
2.83728e-17
2.827e-17
2.80502e-17
2.77933e-17
2.73681e-17
2.68189e-17
2.61674e-17
2.53645e-17
2.46084e-17
2.38841e-17
2.33474e-17
2.30324e-17
2.31448e-17
2.34021e-17
2.41228e-17
2.47907e-17
2.5674e-17
2.64139e-17
2.70036e-17
2.75081e-17
2.79019e-17
2.8143e-17
2.82952e-17
2.84016e-17
2.8446e-17
2.84656e-17
2.84579e-17
2.84293e-17
2.83813e-17
2.82997e-17
2.83684e-17
2.84271e-17
2.84558e-17
2.84647e-17
2.84506e-17
2.84031e-17
2.83107e-17
2.81224e-17
2.78894e-17
2.74867e-17
2.70679e-17
2.64202e-17
2.57227e-17
2.48102e-17
2.41268e-17
2.33918e-17
2.31158e-17
2.44566e-17
2.45613e-17
2.48643e-17
2.53414e-17
2.60237e-17
2.66075e-17
2.70938e-17
2.75282e-17
2.78871e-17
2.81091e-17
2.82524e-17
2.8356e-17
2.84043e-17
2.8415e-17
2.84078e-17
2.8386e-17
2.83458e-17
2.82917e-17
2.82627e-17
2.83176e-17
2.83684e-17
2.84079e-17
2.84226e-17
2.84123e-17
2.83748e-17
2.82962e-17
2.81602e-17
2.7976e-17
2.76756e-17
2.73151e-17
2.6722e-17
2.62677e-17
2.56377e-17
2.50536e-17
2.47068e-17
2.45459e-17
2.45012e-17
2.47475e-17
2.52998e-17
2.57496e-17
2.63948e-17
2.68693e-17
2.73972e-17
2.7744e-17
2.80394e-17
2.82043e-17
2.83324e-17
2.83906e-17
2.84159e-17
2.84197e-17
2.83922e-17
2.83553e-17
2.83029e-17
2.82406e-17
2.83065e-17
2.83548e-17
2.83841e-17
2.84201e-17
2.84168e-17
2.83938e-17
2.83232e-17
2.82131e-17
2.80564e-17
2.77803e-17
2.74133e-17
2.69267e-17
2.64919e-17
2.58865e-17
2.52433e-17
2.48152e-17
2.45321e-17
2.57075e-17
2.58487e-17
2.60307e-17
2.63882e-17
2.67708e-17
2.71662e-17
2.75139e-17
2.78091e-17
2.80467e-17
2.81874e-17
2.82941e-17
2.83433e-17
2.8357e-17
2.83447e-17
2.82924e-17
2.82527e-17
2.82045e-17
2.81486e-17
2.81183e-17
2.8177e-17
2.82436e-17
2.82861e-17
2.83289e-17
2.83488e-17
2.8355e-17
2.83177e-17
2.82395e-17
2.80842e-17
2.78764e-17
2.76501e-17
2.72437e-17
2.68909e-17
2.64267e-17
2.61866e-17
2.59312e-17
2.5638e-17
2.57872e-17
2.59419e-17
2.6274e-17
2.6653e-17
2.69841e-17
2.74278e-17
2.77314e-17
2.7966e-17
2.81448e-17
2.82545e-17
2.83273e-17
2.83525e-17
2.8351e-17
2.83234e-17
2.82798e-17
2.82185e-17
2.81708e-17
2.81134e-17
2.8172e-17
2.8209e-17
2.82634e-17
2.83067e-17
2.83464e-17
2.83536e-17
2.83299e-17
2.82669e-17
2.81625e-17
2.79786e-17
2.77113e-17
2.7424e-17
2.70264e-17
2.66511e-17
2.62454e-17
2.59153e-17
2.58295e-17
2.65735e-17
2.66276e-17
2.68476e-17
2.70307e-17
2.73045e-17
2.75976e-17
2.78636e-17
2.80248e-17
2.81677e-17
2.82546e-17
2.82902e-17
2.82888e-17
2.82696e-17
2.81923e-17
2.81116e-17
2.80357e-17
2.79821e-17
2.79153e-17
2.79099e-17
2.79367e-17
2.80226e-17
2.81122e-17
2.81726e-17
2.82441e-17
2.82884e-17
2.82993e-17
2.82696e-17
2.82058e-17
2.80799e-17
2.78942e-17
2.76813e-17
2.74159e-17
2.7217e-17
2.69838e-17
2.67344e-17
2.66714e-17
2.67009e-17
2.68349e-17
2.69942e-17
2.72525e-17
2.75245e-17
2.77432e-17
2.79767e-17
2.81205e-17
2.82306e-17
2.82853e-17
2.82998e-17
2.82717e-17
2.8215e-17
2.81425e-17
2.80751e-17
2.80216e-17
2.79309e-17
2.7889e-17
2.79219e-17
2.79751e-17
2.80457e-17
2.81462e-17
2.82225e-17
2.82835e-17
2.83029e-17
2.82866e-17
2.82327e-17
2.81375e-17
2.79723e-17
2.77637e-17
2.75289e-17
2.73094e-17
2.70541e-17
2.67647e-17
2.66872e-17
2.73497e-17
2.73318e-17
2.74255e-17
2.75997e-17
2.77639e-17
2.79446e-17
2.80765e-17
2.81751e-17
2.82438e-17
2.827e-17
2.82479e-17
2.81963e-17
2.81068e-17
2.7968e-17
2.78309e-17
2.77663e-17
2.75659e-17
2.75217e-17
2.74819e-17
2.75467e-17
2.76893e-17
2.7832e-17
2.79239e-17
2.80717e-17
2.81826e-17
2.8243e-17
2.82686e-17
2.82618e-17
2.82095e-17
2.8104e-17
2.79763e-17
2.78482e-17
2.77088e-17
2.7524e-17
2.73612e-17
2.72645e-17
2.73106e-17
2.74324e-17
2.75533e-17
2.76652e-17
2.7885e-17
2.80317e-17
2.81496e-17
2.82245e-17
2.82661e-17
2.82607e-17
2.82138e-17
2.81425e-17
2.80357e-17
2.79187e-17
2.77792e-17
2.76548e-17
2.75883e-17
2.74789e-17
2.75428e-17
2.76844e-17
2.78125e-17
2.79042e-17
2.80237e-17
2.81446e-17
2.82173e-17
2.82672e-17
2.82664e-17
2.823e-17
2.81451e-17
2.80332e-17
2.79162e-17
2.77325e-17
2.75674e-17
2.74148e-17
2.73903e-17
2.77235e-17
2.77812e-17
2.78563e-17
2.79539e-17
2.80681e-17
2.8157e-17
2.82239e-17
2.8273e-17
2.82798e-17
2.82376e-17
2.81822e-17
2.80404e-17
2.78934e-17
2.76836e-17
2.74443e-17
2.72033e-17
2.70593e-17
2.69441e-17
2.691e-17
2.69555e-17
2.7191e-17
2.74108e-17
2.75999e-17
2.78036e-17
2.79767e-17
2.81346e-17
2.823e-17
2.82743e-17
2.82815e-17
2.82472e-17
2.81975e-17
2.81077e-17
2.80079e-17
2.78951e-17
2.78243e-17
2.77615e-17
2.77729e-17
2.7844e-17
2.79225e-17
2.80468e-17
2.81191e-17
2.82079e-17
2.82559e-17
2.82842e-17
2.82634e-17
2.82132e-17
2.80969e-17
2.79344e-17
2.77286e-17
2.74948e-17
2.73423e-17
2.71038e-17
2.6981e-17
2.69242e-17
2.70103e-17
2.71181e-17
2.73358e-17
2.7512e-17
2.77203e-17
2.7897e-17
2.80967e-17
2.81914e-17
2.82589e-17
2.82829e-17
2.82635e-17
2.82162e-17
2.81422e-17
2.80359e-17
2.7972e-17
2.78636e-17
2.7806e-17
2.80435e-17
2.80682e-17
2.81539e-17
2.82066e-17
2.82597e-17
2.83034e-17
2.8329e-17
2.83257e-17
2.82724e-17
2.81956e-17
2.80341e-17
2.7827e-17
2.75299e-17
2.72633e-17
2.68939e-17
2.64513e-17
2.62822e-17
2.60396e-17
2.60562e-17
2.62956e-17
2.63505e-17
2.6847e-17
2.71115e-17
2.74581e-17
2.77261e-17
2.79665e-17
2.81413e-17
2.82532e-17
2.83103e-17
2.83329e-17
2.83278e-17
2.82886e-17
2.822e-17
2.8163e-17
2.81004e-17
2.80448e-17
2.8073e-17
2.81285e-17
2.81806e-17
2.82563e-17
2.82841e-17
2.83243e-17
2.83285e-17
2.82956e-17
2.82212e-17
2.80842e-17
2.79006e-17
2.76643e-17
2.73637e-17
2.70194e-17
2.66908e-17
2.64371e-17
2.61898e-17
2.61551e-17
2.61277e-17
2.62688e-17
2.66424e-17
2.69912e-17
2.73187e-17
2.76582e-17
2.78944e-17
2.80755e-17
2.82231e-17
2.82982e-17
2.83274e-17
2.83374e-17
2.82911e-17
2.82413e-17
2.81837e-17
2.81394e-17
2.80796e-17
2.81961e-17
2.8266e-17
2.83141e-17
2.83554e-17
2.83802e-17
2.83975e-17
2.83831e-17
2.83327e-17
2.82336e-17
2.80672e-17
2.78418e-17
2.74916e-17
2.71666e-17
2.66157e-17
2.61199e-17
2.56672e-17
2.51519e-17
2.50997e-17
2.49744e-17
2.52158e-17
2.55125e-17
2.59461e-17
2.64885e-17
2.69709e-17
2.7387e-17
2.77514e-17
2.7991e-17
2.81761e-17
2.82958e-17
2.83675e-17
2.83944e-17
2.8392e-17
2.83677e-17
2.83295e-17
2.82809e-17
2.82152e-17
2.82421e-17
2.82911e-17
2.83463e-17
2.83781e-17
2.83941e-17
2.83881e-17
2.83589e-17
2.82827e-17
2.81439e-17
2.79152e-17
2.76438e-17
2.72347e-17
2.6815e-17
2.63832e-17
2.57698e-17
2.54255e-17
2.50667e-17
2.49788e-17
2.50784e-17
2.53728e-17
2.58385e-17
2.6303e-17
2.67834e-17
2.73178e-17
2.76469e-17
2.79183e-17
2.81229e-17
2.82743e-17
2.83443e-17
2.83887e-17
2.83894e-17
2.83704e-17
2.83478e-17
2.82806e-17
2.82489e-17
2.82753e-17
2.83516e-17
2.84092e-17
2.84325e-17
2.84516e-17
2.84402e-17
2.84013e-17
2.8313e-17
2.81696e-17
2.79396e-17
2.76043e-17
2.71756e-17
2.65581e-17
2.59534e-17
2.52101e-17
2.44896e-17
2.40773e-17
2.35404e-17
2.3646e-17
2.39245e-17
2.44037e-17
2.50671e-17
2.56209e-17
2.64067e-17
2.70098e-17
2.75171e-17
2.78537e-17
2.81063e-17
2.82705e-17
2.8373e-17
2.8429e-17
2.84472e-17
2.84405e-17
2.84168e-17
2.83716e-17
2.83142e-17
2.83345e-17
2.83941e-17
2.84265e-17
2.8454e-17
2.84479e-17
2.84198e-17
2.834e-17
2.82405e-17
2.80518e-17
2.7758e-17
2.7339e-17
2.68561e-17
2.62148e-17
2.55981e-17
2.48914e-17
2.42742e-17
2.39289e-17
2.35507e-17
2.38265e-17
2.41662e-17
2.4709e-17
2.53637e-17
2.61303e-17
2.67681e-17
2.73247e-17
2.77192e-17
2.80352e-17
2.82053e-17
2.83486e-17
2.84125e-17
2.84534e-17
2.84478e-17
2.8429e-17
2.83982e-17
2.83398e-17
2.83077e-17
2.83869e-17
2.84452e-17
2.8474e-17
2.84772e-17
2.84545e-17
2.83823e-17
2.82718e-17
2.80858e-17
2.77922e-17
2.73568e-17
2.68476e-17
2.60365e-17
2.52174e-17
2.4275e-17
2.34506e-17
2.26382e-17
2.22475e-17
2.22368e-17
2.24976e-17
2.30185e-17
2.3812e-17
2.48623e-17
2.58309e-17
2.65591e-17
2.72041e-17
2.76594e-17
2.79852e-17
2.82173e-17
2.8353e-17
2.84385e-17
2.84728e-17
2.84789e-17
2.84599e-17
2.8415e-17
2.8342e-17
2.83686e-17
2.84296e-17
2.8469e-17
2.84827e-17
2.84654e-17
2.84094e-17
2.83236e-17
2.81621e-17
2.79107e-17
2.75382e-17
2.7081e-17
2.63465e-17
2.55254e-17
2.45916e-17
2.3692e-17
2.2957e-17
2.25607e-17
2.21788e-17
2.2284e-17
2.28243e-17
2.36007e-17
2.45938e-17
2.55633e-17
2.63672e-17
2.69503e-17
2.75185e-17
2.78924e-17
2.81441e-17
2.83187e-17
2.84148e-17
2.8464e-17
2.84803e-17
2.84718e-17
2.84385e-17
2.83634e-17
2.82823e-17
2.83881e-17
2.8449e-17
2.8476e-17
2.84757e-17
2.84379e-17
2.83572e-17
2.82307e-17
2.79956e-17
2.76432e-17
2.7149e-17
2.64491e-17
2.5529e-17
2.43715e-17
2.31709e-17
2.21765e-17
2.1191e-17
2.0887e-17
2.08101e-17
2.11295e-17
2.19639e-17
2.27413e-17
2.3978e-17
2.51889e-17
2.61793e-17
2.69604e-17
2.74556e-17
2.78862e-17
2.81617e-17
2.83267e-17
2.84197e-17
2.84678e-17
2.84812e-17
2.84615e-17
2.84193e-17
2.83349e-17
2.83584e-17
2.84305e-17
2.84724e-17
2.84815e-17
2.84603e-17
2.83963e-17
2.82798e-17
2.80777e-17
2.77791e-17
2.73052e-17
2.66956e-17
2.57348e-17
2.46923e-17
2.36953e-17
2.24111e-17
2.16108e-17
2.09567e-17
2.08005e-17
2.09611e-17
2.15835e-17
2.25969e-17
2.36126e-17
2.47045e-17
2.57882e-17
2.66501e-17
2.72351e-17
2.77324e-17
2.80631e-17
2.82747e-17
2.83867e-17
2.84532e-17
2.8479e-17
2.84742e-17
2.84378e-17
2.83612e-17
2.82552e-17
2.83552e-17
2.84179e-17
2.84537e-17
2.84547e-17
2.84113e-17
2.83234e-17
2.81539e-17
2.78833e-17
2.75115e-17
2.68764e-17
2.60296e-17
2.50053e-17
2.36256e-17
2.23804e-17
2.12063e-17
2.0308e-17
1.96341e-17
1.96215e-17
2.00908e-17
2.08614e-17
2.20375e-17
2.32181e-17
2.45608e-17
2.57386e-17
2.66274e-17
2.73029e-17
2.77766e-17
2.80856e-17
2.82754e-17
2.83786e-17
2.84427e-17
2.84568e-17
2.84354e-17
2.83823e-17
2.82894e-17
2.83217e-17
2.84009e-17
2.84419e-17
2.84498e-17
2.84246e-17
2.83585e-17
2.82163e-17
2.79865e-17
2.76363e-17
2.7104e-17
2.63784e-17
2.5465e-17
2.41477e-17
2.28217e-17
2.1502e-17
2.05844e-17
1.98606e-17
1.9765e-17
1.98279e-17
2.05123e-17
2.15616e-17
2.28373e-17
2.41409e-17
2.53393e-17
2.62733e-17
2.70981e-17
2.76431e-17
2.79692e-17
2.8211e-17
2.83416e-17
2.84256e-17
2.84565e-17
2.84479e-17
2.84036e-17
2.83382e-17
2.81588e-17
2.82866e-17
2.83491e-17
2.83979e-17
2.83939e-17
2.83561e-17
2.8258e-17
2.80938e-17
2.78627e-17
2.74175e-17
2.67508e-17
2.58392e-17
2.46495e-17
2.33231e-17
2.19563e-17
2.05923e-17
1.96646e-17
1.90209e-17
1.89378e-17
1.93683e-17
2.03021e-17
2.14629e-17
2.27679e-17
2.41621e-17
2.53569e-17
2.63875e-17
2.71755e-17
2.76628e-17
2.80249e-17
2.82064e-17
2.83315e-17
2.83922e-17
2.83943e-17
2.83764e-17
2.83119e-17
2.821e-17
2.82416e-17
2.83365e-17
2.8382e-17
2.84006e-17
2.83763e-17
2.83115e-17
2.81669e-17
2.79456e-17
2.7529e-17
2.70119e-17
2.61626e-17
2.51565e-17
2.38522e-17
2.24552e-17
2.09924e-17
1.98189e-17
1.92683e-17
1.89081e-17
1.91633e-17
1.98633e-17
2.08828e-17
2.20996e-17
2.37191e-17
2.50047e-17
2.60468e-17
2.69688e-17
2.75104e-17
2.79124e-17
2.8153e-17
2.82903e-17
2.83784e-17
2.84045e-17
2.83823e-17
2.83368e-17
2.82584e-17
2.80374e-17
2.81544e-17
2.82611e-17
2.83024e-17
2.83002e-17
2.82838e-17
2.82042e-17
2.80548e-17
2.77166e-17
2.73247e-17
2.66346e-17
2.57386e-17
2.43434e-17
2.31499e-17
2.16706e-17
2.02702e-17
1.92989e-17
1.87722e-17
1.86734e-17
1.91238e-17
1.99225e-17
2.12023e-17
2.25207e-17
2.39661e-17
2.52567e-17
2.63692e-17
2.70911e-17
2.76208e-17
2.79416e-17
2.81545e-17
2.82619e-17
2.82962e-17
2.83081e-17
2.82563e-17
2.82095e-17
2.80971e-17
2.81305e-17
2.82106e-17
2.82844e-17
2.83151e-17
2.82964e-17
2.82472e-17
2.81053e-17
2.78652e-17
2.74982e-17
2.68503e-17
2.60309e-17
2.48606e-17
2.35677e-17
2.21957e-17
2.07892e-17
1.96849e-17
1.88955e-17
1.8635e-17
1.89282e-17
1.95838e-17
2.0578e-17
2.20523e-17
2.34838e-17
2.47803e-17
2.59229e-17
2.68424e-17
2.74317e-17
2.78461e-17
2.80736e-17
2.82369e-17
2.82953e-17
2.8304e-17
2.8291e-17
2.8221e-17
2.81358e-17
2.81596e-17
2.82757e-17
2.83489e-17
2.83894e-17
2.83918e-17
2.83561e-17
2.8258e-17
2.80897e-17
2.77865e-17
2.73542e-17
2.67234e-17
2.57764e-17
2.46502e-17
2.31922e-17
2.18442e-17
2.06049e-17
1.95482e-17
1.90283e-17
1.89378e-17
1.93861e-17
2.01608e-17
2.13999e-17
2.27679e-17
2.42033e-17
2.5428e-17
2.63875e-17
2.71182e-17
2.76706e-17
2.79966e-17
2.82064e-17
2.83283e-17
2.83922e-17
2.83924e-17
2.83642e-17
2.83085e-17
2.821e-17
2.82416e-17
2.83365e-17
2.8379e-17
2.83952e-17
2.83763e-17
2.83046e-17
2.81747e-17
2.79456e-17
2.7529e-17
2.70119e-17
2.61416e-17
2.51565e-17
2.36888e-17
2.23191e-17
2.09277e-17
1.98189e-17
1.91299e-17
1.88944e-17
1.91633e-17
1.98651e-17
2.08828e-17
2.20996e-17
2.36927e-17
2.50324e-17
2.60468e-17
2.69603e-17
2.75134e-17
2.79124e-17
2.81443e-17
2.82903e-17
2.83688e-17
2.83871e-17
2.83771e-17
2.83368e-17
2.82429e-17
2.82413e-17
2.83405e-17
2.84179e-17
2.84537e-17
2.84405e-17
2.84163e-17
2.83228e-17
2.8147e-17
2.78833e-17
2.74797e-17
2.68764e-17
2.59913e-17
2.4954e-17
2.36385e-17
2.23076e-17
2.12063e-17
2.03002e-17
1.96341e-17
1.96215e-17
2.00908e-17
2.08159e-17
2.18641e-17
2.3334e-17
2.4495e-17
2.56675e-17
2.65669e-17
2.73031e-17
2.77714e-17
2.80619e-17
2.82582e-17
2.83786e-17
2.84375e-17
2.84549e-17
2.84302e-17
2.83792e-17
2.82894e-17
2.83217e-17
2.83956e-17
2.84419e-17
2.84498e-17
2.84246e-17
2.83585e-17
2.82163e-17
2.79862e-17
2.76385e-17
2.7104e-17
2.63784e-17
2.53832e-17
2.41388e-17
2.29784e-17
2.15471e-17
2.05844e-17
1.98606e-17
1.95303e-17
1.98279e-17
2.05123e-17
2.15616e-17
2.27461e-17
2.40423e-17
2.53367e-17
2.62772e-17
2.71398e-17
2.75969e-17
2.79707e-17
2.82136e-17
2.83461e-17
2.84196e-17
2.84565e-17
2.84479e-17
2.84036e-17
2.83249e-17
2.82855e-17
2.83861e-17
2.84495e-17
2.84771e-17
2.84757e-17
2.84396e-17
2.83628e-17
2.82097e-17
2.79842e-17
2.76432e-17
2.71499e-17
2.64063e-17
2.54189e-17
2.432e-17
2.31709e-17
2.2012e-17
2.11865e-17
2.0718e-17
2.06758e-17
2.11295e-17
2.18148e-17
2.27413e-17
2.3978e-17
2.512e-17
2.61413e-17
2.68455e-17
2.74556e-17
2.78862e-17
2.81617e-17
2.83098e-17
2.84197e-17
2.84651e-17
2.84802e-17
2.84614e-17
2.84149e-17
2.83344e-17
2.83584e-17
2.84305e-17
2.84696e-17
2.84801e-17
2.84553e-17
2.83892e-17
2.82775e-17
2.80777e-17
2.77283e-17
2.7317e-17
2.67347e-17
2.57348e-17
2.46923e-17
2.35196e-17
2.24111e-17
2.14898e-17
2.09366e-17
2.06966e-17
2.08571e-17
2.13931e-17
2.25969e-17
2.3561e-17
2.47379e-17
2.57399e-17
2.66495e-17
2.7288e-17
2.77324e-17
2.80631e-17
2.82747e-17
2.83867e-17
2.84532e-17
2.84795e-17
2.84742e-17
2.84363e-17
2.83675e-17
2.83146e-17
2.8389e-17
2.84511e-17
2.84777e-17
2.84794e-17
2.84545e-17
2.83851e-17
2.82638e-17
2.80888e-17
2.77922e-17
2.73568e-17
2.67829e-17
2.60365e-17
2.51404e-17
2.4081e-17
2.32815e-17
2.26382e-17
2.21065e-17
2.21193e-17
2.23611e-17
2.28626e-17
2.37984e-17
2.48623e-17
2.57108e-17
2.65475e-17
2.72147e-17
2.76476e-17
2.79784e-17
2.82093e-17
2.83386e-17
2.84368e-17
2.84716e-17
2.84789e-17
2.84604e-17
2.84166e-17
2.83433e-17
2.83686e-17
2.84293e-17
2.84681e-17
2.84827e-17
2.84645e-17
2.84094e-17
2.83236e-17
2.81495e-17
2.79039e-17
2.75382e-17
2.70134e-17
2.62731e-17
2.55254e-17
2.45916e-17
2.3692e-17
2.29114e-17
2.21117e-17
2.20652e-17
2.2284e-17
2.27493e-17
2.35606e-17
2.44343e-17
2.53837e-17
2.63226e-17
2.69633e-17
2.75012e-17
2.78807e-17
2.81441e-17
2.83187e-17
2.84134e-17
2.84648e-17
2.84821e-17
2.84718e-17
2.84385e-17
2.83634e-17
2.82788e-17
2.83584e-17
2.84177e-17
2.84417e-17
2.84556e-17
2.84396e-17
2.84015e-17
2.83068e-17
2.81589e-17
2.79243e-17
2.75827e-17
2.7152e-17
2.65435e-17
2.59534e-17
2.52101e-17
2.44896e-17
2.39416e-17
2.3517e-17
2.34684e-17
2.38206e-17
2.43292e-17
2.49369e-17
2.56209e-17
2.64067e-17
2.70109e-17
2.74692e-17
2.78283e-17
2.8079e-17
2.82717e-17
2.8373e-17
2.8429e-17
2.84528e-17
2.84405e-17
2.8425e-17
2.83761e-17
2.83157e-17
2.83312e-17
2.83941e-17
2.84353e-17
2.8454e-17
2.84522e-17
2.84186e-17
2.834e-17
2.82405e-17
2.80518e-17
2.7758e-17
2.7339e-17
2.6786e-17
2.61615e-17
2.54503e-17
2.47206e-17
2.40633e-17
2.35245e-17
2.35507e-17
2.35454e-17
2.40208e-17
2.4709e-17
2.53637e-17
2.61303e-17
2.67597e-17
2.73039e-17
2.77174e-17
2.79877e-17
2.82053e-17
2.83433e-17
2.84125e-17
2.84534e-17
2.84502e-17
2.84294e-17
2.84043e-17
2.83398e-17
2.82018e-17
2.82676e-17
2.83322e-17
2.83554e-17
2.83964e-17
2.84037e-17
2.83882e-17
2.83266e-17
2.82334e-17
2.80672e-17
2.78457e-17
2.75192e-17
2.70987e-17
2.65814e-17
2.61031e-17
2.56366e-17
2.51519e-17
2.50327e-17
2.48666e-17
2.50993e-17
2.54096e-17
2.59333e-17
2.64662e-17
2.69853e-17
2.73628e-17
2.77243e-17
2.7991e-17
2.81777e-17
2.82981e-17
2.8375e-17
2.83944e-17
2.8392e-17
2.83734e-17
2.83295e-17
2.82951e-17
2.8225e-17
2.82421e-17
2.83012e-17
2.83484e-17
2.83848e-17
2.83941e-17
2.83883e-17
2.83524e-17
2.82712e-17
2.81409e-17
2.79258e-17
2.76261e-17
2.72464e-17
2.67413e-17
2.62631e-17
2.57579e-17
2.54107e-17
2.50667e-17
2.4951e-17
2.50784e-17
2.52484e-17
2.58385e-17
2.62395e-17
2.67037e-17
2.72494e-17
2.76246e-17
2.79115e-17
2.81229e-17
2.82696e-17
2.83507e-17
2.83912e-17
2.84036e-17
2.83912e-17
2.83567e-17
2.83205e-17
2.82489e-17
2.80449e-17
2.8088e-17
2.81539e-17
2.82133e-17
2.82664e-17
2.83091e-17
2.83336e-17
2.83257e-17
2.82724e-17
2.81747e-17
2.80342e-17
2.77951e-17
2.75299e-17
2.71576e-17
2.68939e-17
2.64509e-17
2.61483e-17
2.60396e-17
2.60222e-17
2.61371e-17
2.63505e-17
2.66476e-17
2.71115e-17
2.74581e-17
2.76874e-17
2.79584e-17
2.81411e-17
2.82457e-17
2.83102e-17
2.83329e-17
2.83278e-17
2.82899e-17
2.824e-17
2.8183e-17
2.81303e-17
2.80663e-17
2.8073e-17
2.81451e-17
2.82e-17
2.82563e-17
2.83154e-17
2.83285e-17
2.83336e-17
2.82991e-17
2.82186e-17
2.80842e-17
2.78913e-17
2.76264e-17
2.73381e-17
2.70194e-17
2.66654e-17
2.63362e-17
2.60993e-17
2.5918e-17
2.61277e-17
2.62688e-17
2.65996e-17
2.69359e-17
2.7285e-17
2.76495e-17
2.78944e-17
2.80755e-17
2.82129e-17
2.82968e-17
2.83329e-17
2.83374e-17
2.83016e-17
2.82628e-17
2.82002e-17
2.81391e-17
2.80796e-17
2.7764e-17
2.77985e-17
2.78931e-17
2.79961e-17
2.80865e-17
2.8171e-17
2.82436e-17
2.82796e-17
2.82807e-17
2.82386e-17
2.81649e-17
2.8036e-17
2.78354e-17
2.76535e-17
2.74443e-17
2.72033e-17
2.70109e-17
2.68801e-17
2.68382e-17
2.69555e-17
2.71894e-17
2.74108e-17
2.75999e-17
2.7782e-17
2.7974e-17
2.81215e-17
2.82195e-17
2.82725e-17
2.82859e-17
2.82505e-17
2.81975e-17
2.81077e-17
2.80339e-17
2.78982e-17
2.78701e-17
2.78093e-17
2.78126e-17
2.7844e-17
2.7941e-17
2.80562e-17
2.81344e-17
2.82079e-17
2.82803e-17
2.82842e-17
2.82634e-17
2.82008e-17
2.80916e-17
2.79344e-17
2.77164e-17
2.74948e-17
2.7282e-17
2.70565e-17
2.6981e-17
2.6851e-17
2.68719e-17
2.71181e-17
2.72943e-17
2.7512e-17
2.77121e-17
2.7897e-17
2.80748e-17
2.81914e-17
2.82589e-17
2.82829e-17
2.82713e-17
2.82301e-17
2.81533e-17
2.80581e-17
2.7972e-17
2.78636e-17
2.78183e-17
2.73497e-17
2.73843e-17
2.74962e-17
2.76272e-17
2.78002e-17
2.79446e-17
2.80817e-17
2.8182e-17
2.82486e-17
2.82688e-17
2.82474e-17
2.81808e-17
2.80774e-17
2.79657e-17
2.78309e-17
2.76673e-17
2.75659e-17
2.75217e-17
2.74819e-17
2.75467e-17
2.76573e-17
2.78085e-17
2.78893e-17
2.80502e-17
2.8172e-17
2.82267e-17
2.82671e-17
2.82636e-17
2.82124e-17
2.81359e-17
2.80001e-17
2.78482e-17
2.77182e-17
2.75545e-17
2.74221e-17
2.73758e-17
2.736e-17
2.74324e-17
2.75791e-17
2.77723e-17
2.78926e-17
2.80468e-17
2.81623e-17
2.82245e-17
2.82661e-17
2.8262e-17
2.82138e-17
2.81425e-17
2.80285e-17
2.78811e-17
2.77716e-17
2.76047e-17
2.75169e-17
2.74789e-17
2.75063e-17
2.76158e-17
2.77067e-17
2.78828e-17
2.80237e-17
2.8121e-17
2.82056e-17
2.82548e-17
2.82667e-17
2.823e-17
2.81759e-17
2.80332e-17
2.79162e-17
2.77483e-17
2.76069e-17
2.74148e-17
2.73903e-17
2.66369e-17
2.68136e-17
2.68626e-17
2.71834e-17
2.73827e-17
2.76036e-17
2.78636e-17
2.80527e-17
2.81739e-17
2.82546e-17
2.82905e-17
2.82824e-17
2.82348e-17
2.81923e-17
2.80919e-17
2.80357e-17
2.79494e-17
2.78978e-17
2.78949e-17
2.79172e-17
2.80168e-17
2.81122e-17
2.81726e-17
2.82441e-17
2.82885e-17
2.82993e-17
2.82696e-17
2.82058e-17
2.80817e-17
2.7917e-17
2.77265e-17
2.75082e-17
2.7217e-17
2.69838e-17
2.67935e-17
2.67107e-17
2.67251e-17
2.68349e-17
2.69942e-17
2.73215e-17
2.75245e-17
2.77827e-17
2.79918e-17
2.81205e-17
2.82306e-17
2.82853e-17
2.82919e-17
2.82695e-17
2.81978e-17
2.81429e-17
2.80751e-17
2.80216e-17
2.78975e-17
2.78542e-17
2.78986e-17
2.79751e-17
2.80452e-17
2.81462e-17
2.82173e-17
2.82583e-17
2.82952e-17
2.82866e-17
2.82327e-17
2.81375e-17
2.79785e-17
2.77932e-17
2.75409e-17
2.73094e-17
2.70541e-17
2.67647e-17
2.67857e-17
2.57075e-17
2.58892e-17
2.60661e-17
2.64015e-17
2.67708e-17
2.71662e-17
2.75419e-17
2.78245e-17
2.80467e-17
2.81874e-17
2.82962e-17
2.83391e-17
2.83527e-17
2.83378e-17
2.82903e-17
2.82413e-17
2.8196e-17
2.81267e-17
2.81183e-17
2.8177e-17
2.82366e-17
2.82702e-17
2.83178e-17
2.83488e-17
2.83474e-17
2.83112e-17
2.8237e-17
2.81014e-17
2.79029e-17
2.76501e-17
2.73062e-17
2.68909e-17
2.65586e-17
2.61866e-17
2.59312e-17
2.57377e-17
2.57872e-17
2.59419e-17
2.63379e-17
2.6653e-17
2.70496e-17
2.74364e-17
2.77519e-17
2.7966e-17
2.81448e-17
2.82749e-17
2.83273e-17
2.83525e-17
2.8343e-17
2.83077e-17
2.82724e-17
2.82122e-17
2.81454e-17
2.80982e-17
2.81571e-17
2.8209e-17
2.82634e-17
2.83067e-17
2.83435e-17
2.83484e-17
2.83263e-17
2.82669e-17
2.81583e-17
2.79983e-17
2.77522e-17
2.73969e-17
2.70796e-17
2.66511e-17
2.62454e-17
2.60446e-17
2.58295e-17
2.46023e-17
2.46294e-17
2.49796e-17
2.54925e-17
2.60698e-17
2.66075e-17
2.71485e-17
2.75282e-17
2.78871e-17
2.81103e-17
2.82524e-17
2.83558e-17
2.84031e-17
2.8415e-17
2.84078e-17
2.83734e-17
2.83458e-17
2.82768e-17
2.82564e-17
2.83127e-17
2.83611e-17
2.84079e-17
2.84082e-17
2.84081e-17
2.83761e-17
2.82962e-17
2.81602e-17
2.79789e-17
2.76756e-17
2.73145e-17
2.68293e-17
2.62677e-17
2.56727e-17
2.52094e-17
2.47339e-17
2.4664e-17
2.46195e-17
2.49451e-17
2.54185e-17
2.58162e-17
2.64182e-17
2.68881e-17
2.74231e-17
2.7744e-17
2.80394e-17
2.82116e-17
2.83281e-17
2.83894e-17
2.84091e-17
2.84112e-17
2.83922e-17
2.83553e-17
2.83029e-17
2.8241e-17
2.82949e-17
2.83548e-17
2.83845e-17
2.84015e-17
2.8412e-17
2.8393e-17
2.8319e-17
2.82179e-17
2.80564e-17
2.77988e-17
2.74133e-17
2.70127e-17
2.64919e-17
2.58865e-17
2.53851e-17
2.48152e-17
2.4618e-17
2.31358e-17
2.33121e-17
2.38503e-17
2.43676e-17
2.51709e-17
2.58974e-17
2.66828e-17
2.72483e-17
2.7671e-17
2.79754e-17
2.82144e-17
2.83432e-17
2.84179e-17
2.84549e-17
2.84659e-17
2.84478e-17
2.84123e-17
2.83544e-17
2.83139e-17
2.83866e-17
2.8439e-17
2.84606e-17
2.84606e-17
2.84338e-17
2.83731e-17
2.82702e-17
2.80514e-17
2.78058e-17
2.74194e-17
2.69047e-17
2.61674e-17
2.53645e-17
2.46676e-17
2.38841e-17
2.3455e-17
2.31818e-17
2.31448e-17
2.36046e-17
2.42229e-17
2.49002e-17
2.57045e-17
2.63996e-17
2.70036e-17
2.75171e-17
2.79019e-17
2.81441e-17
2.82951e-17
2.84016e-17
2.8446e-17
2.84619e-17
2.84557e-17
2.84293e-17
2.83761e-17
2.82944e-17
2.83684e-17
2.84213e-17
2.84532e-17
2.84647e-17
2.84506e-17
2.83979e-17
2.83075e-17
2.81224e-17
2.79125e-17
2.75382e-17
2.70679e-17
2.6441e-17
2.57718e-17
2.48102e-17
2.42912e-17
2.3626e-17
2.31158e-17
2.17368e-17
2.19314e-17
2.23031e-17
2.34071e-17
2.43367e-17
2.51871e-17
2.61001e-17
2.68727e-17
2.73903e-17
2.78372e-17
2.81324e-17
2.83035e-17
2.84113e-17
2.84645e-17
2.84833e-17
2.84732e-17
2.84327e-17
2.83706e-17
2.83376e-17
2.8419e-17
2.84612e-17
2.84834e-17
2.84754e-17
2.84349e-17
2.83553e-17
2.82097e-17
2.7958e-17
2.75974e-17
2.70597e-17
2.64557e-17
2.55074e-17
2.46052e-17
2.35538e-17
2.25991e-17
2.2036e-17
2.17741e-17
2.16622e-17
2.22596e-17
2.2868e-17
2.39172e-17
2.4911e-17
2.58129e-17
2.65844e-17
2.72595e-17
2.77116e-17
2.80241e-17
2.82458e-17
2.83706e-17
2.84457e-17
2.84787e-17
2.84793e-17
2.84551e-17
2.84044e-17
2.8308e-17
2.83916e-17
2.84498e-17
2.84785e-17
2.84808e-17
2.84493e-17
2.83785e-17
2.8259e-17
2.80566e-17
2.77575e-17
2.72355e-17
2.66653e-17
2.59284e-17
2.50125e-17
2.39368e-17
2.30721e-17
2.23009e-17
2.18136e-17
2.03782e-17
2.07581e-17
2.13713e-17
2.21219e-17
2.33311e-17
2.4501e-17
2.57471e-17
2.65117e-17
2.72067e-17
2.76879e-17
2.80453e-17
2.82541e-17
2.83851e-17
2.84471e-17
2.84751e-17
2.84663e-17
2.84262e-17
2.8363e-17
2.83193e-17
2.84114e-17
2.84556e-17
2.8474e-17
2.84606e-17
2.84031e-17
2.83256e-17
2.81242e-17
2.78554e-17
2.74547e-17
2.68045e-17
2.5963e-17
2.48719e-17
2.37779e-17
2.2584e-17
2.14995e-17
2.07901e-17
2.04528e-17
2.03695e-17
2.09627e-17
2.18058e-17
2.2854e-17
2.40351e-17
2.52917e-17
2.63308e-17
2.70911e-17
2.75487e-17
2.79256e-17
2.81805e-17
2.83361e-17
2.84323e-17
2.84677e-17
2.84715e-17
2.84444e-17
2.83846e-17
2.82846e-17
2.83855e-17
2.84418e-17
2.84716e-17
2.84726e-17
2.84275e-17
2.8356e-17
2.82031e-17
2.79724e-17
2.75853e-17
2.70246e-17
2.62791e-17
2.53414e-17
2.41458e-17
2.29834e-17
2.1969e-17
2.10238e-17
2.04078e-17
1.93792e-17
1.95884e-17
2.03885e-17
2.12951e-17
2.27867e-17
2.39588e-17
2.52938e-17
2.6213e-17
2.70432e-17
2.76002e-17
2.79589e-17
2.82045e-17
2.83489e-17
2.84097e-17
2.84415e-17
2.84299e-17
2.83831e-17
2.83017e-17
2.82622e-17
2.83532e-17
2.84168e-17
2.84387e-17
2.84267e-17
2.83673e-17
2.82449e-17
2.80495e-17
2.77133e-17
2.71983e-17
2.66055e-17
2.5684e-17
2.45903e-17
2.32136e-17
2.17833e-17
2.05091e-17
1.98809e-17
1.94286e-17
1.94889e-17
2.00045e-17
2.09126e-17
2.2147e-17
2.3537e-17
2.48783e-17
2.58803e-17
2.67831e-17
2.74264e-17
2.785e-17
2.81237e-17
2.83018e-17
2.8395e-17
2.84351e-17
2.84405e-17
2.84038e-17
2.83466e-17
2.82273e-17
2.83451e-17
2.84008e-17
2.84389e-17
2.8439e-17
2.83947e-17
2.83042e-17
2.81372e-17
2.78613e-17
2.74732e-17
2.68105e-17
2.59798e-17
2.48545e-17
2.36151e-17
2.22432e-17
2.11419e-17
1.99992e-17
1.95712e-17
1.87953e-17
1.90127e-17
1.97761e-17
2.0862e-17
2.22311e-17
2.37064e-17
2.48849e-17
2.6077e-17
2.6946e-17
2.75214e-17
2.79148e-17
2.81224e-17
2.828e-17
2.83532e-17
2.83752e-17
2.83614e-17
2.83144e-17
2.82253e-17
2.81743e-17
2.82836e-17
2.83465e-17
2.83759e-17
2.83688e-17
2.8311e-17
2.82063e-17
2.80012e-17
2.76655e-17
2.71291e-17
2.64241e-17
2.53861e-17
2.40697e-17
2.27019e-17
2.13087e-17
2.00624e-17
1.92625e-17
1.88079e-17
1.88558e-17
1.942e-17
2.03478e-17
2.16859e-17
2.31259e-17
2.45281e-17
2.56662e-17
2.66303e-17
2.73312e-17
2.77879e-17
2.80437e-17
2.82429e-17
2.83332e-17
2.83705e-17
2.83707e-17
2.83269e-17
2.82549e-17
2.81322e-17
2.82538e-17
2.83258e-17
2.83626e-17
2.83765e-17
2.83363e-17
2.82454e-17
2.80933e-17
2.78014e-17
2.73225e-17
2.67e-17
2.57642e-17
2.46032e-17
2.31159e-17
2.17352e-17
2.06493e-17
1.95105e-17
1.88817e-17
