2.26281e-16
2.22716e-16
2.10428e-16
1.94421e-16
1.7944e-16
1.23259e-16
4.91885e-17
4.05528e-17
3.6264e-17
3.4449e-17
3.3326e-17
3.26394e-17
3.22812e-17
3.2167e-17
3.21266e-17
3.22618e-17
3.24023e-17
3.27333e-17
3.29108e-17
3.25306e-17
3.23321e-17
3.21836e-17
3.21171e-17
3.22532e-17
3.2457e-17
3.30194e-17
3.37242e-17
3.52775e-17
3.82487e-17
4.44157e-17
6.71093e-17
1.75407e-16
1.89699e-16
2.08205e-16
2.18939e-16
2.25725e-16
2.24401e-16
2.15961e-16
2.0005e-16
1.8564e-16
1.56199e-16
5.27751e-17
4.25961e-17
3.7555e-17
3.48874e-17
3.37109e-17
3.28427e-17
3.23604e-17
3.21754e-17
3.21523e-17
3.21508e-17
3.23111e-17
3.25671e-17
3.29599e-17
3.26218e-17
3.23803e-17
3.2196e-17
3.21125e-17
3.21671e-17
3.23644e-17
3.27724e-17
3.37246e-17
3.50686e-17
3.76177e-17
4.2855e-17
5.42466e-17
1.7481e-16
1.8369e-16
2.01944e-16
2.15688e-16
2.24374e-16
2.2195e-16
2.17924e-16
2.05305e-16
1.9158e-16
1.74943e-16
8.29157e-17
4.97807e-17
3.91267e-17
3.59524e-17
3.40714e-17
3.30967e-17
3.24536e-17
3.20642e-17
3.18938e-17
3.18524e-17
3.19271e-17
3.20874e-17
3.23316e-17
3.24748e-17
3.21348e-17
3.19805e-17
3.18624e-17
3.1863e-17
3.19588e-17
3.22973e-17
3.28852e-17
3.38009e-17
3.53852e-17
3.81458e-17
4.48586e-17
6.44957e-17
1.78713e-16
1.84762e-16
2.03679e-16
2.1549e-16
2.22727e-16
2.20927e-16
2.11e-16
1.97766e-16
1.80435e-16
1.70407e-16
4.96646e-17
4.14029e-17
3.73466e-17
3.46382e-17
3.35075e-17
3.26746e-17
3.22079e-17
3.19541e-17
3.18586e-17
3.18559e-17
3.1988e-17
3.22408e-17
3.25933e-17
3.22547e-17
3.20182e-17
3.18863e-17
3.18601e-17
3.19599e-17
3.21604e-17
3.25867e-17
3.33142e-17
3.46168e-17
3.67582e-17
4.07646e-17
5.19987e-17
1.6051e-16
1.77376e-16
1.98753e-16
2.12806e-16
2.20086e-16
2.11981e-16
2.06726e-16
1.96275e-16
1.85854e-16
1.6247e-16
6.75106e-17
4.50856e-17
3.84959e-17
3.54815e-17
3.40052e-17
3.28777e-17
3.22414e-17
3.19187e-17
3.17208e-17
3.16686e-17
3.16989e-17
3.18629e-17
3.21617e-17
3.222e-17
3.19294e-17
3.17274e-17
3.16694e-17
3.1673e-17
3.17994e-17
3.21023e-17
3.26094e-17
3.33965e-17
3.49886e-17
3.73191e-17
4.19603e-17
5.41767e-17
1.57494e-16
1.79187e-16
1.9323e-16
2.05762e-16
2.1158e-16
2.07387e-16
1.99883e-16
1.89608e-16
1.72673e-16
1.07714e-16
4.92541e-17
3.98057e-17
3.63848e-17
3.45019e-17
3.32201e-17
3.24302e-17
3.19817e-17
3.177e-17
3.16631e-17
3.17066e-17
3.17983e-17
3.1994e-17
3.23098e-17
3.19918e-17
3.17855e-17
3.16911e-17
3.16618e-17
3.17588e-17
3.20021e-17
3.24187e-17
3.31933e-17
3.43985e-17
3.64499e-17
4.03019e-17
4.96388e-17
8.3653e-17
1.72223e-16
1.88572e-16
1.99893e-16
2.10869e-16
1.96454e-16
1.91128e-16
1.84058e-16
1.75034e-16
1.13617e-16
5.19351e-17
4.17325e-17
3.72585e-17
3.49397e-17
3.35927e-17
3.26116e-17
3.20597e-17
3.17588e-17
3.16015e-17
3.1558e-17
3.16078e-17
3.1745e-17
3.19754e-17
3.20628e-17
3.18091e-17
3.16483e-17
3.15718e-17
3.15648e-17
3.16982e-17
3.19607e-17
3.25275e-17
3.3074e-17
3.44729e-17
3.6235e-17
4.04753e-17
4.7561e-17
7.4855e-17
1.64353e-16
1.80491e-16
1.90539e-16
1.92478e-16
1.93856e-16
1.87771e-16
1.77345e-16
1.5728e-16
5.90217e-17
4.44999e-17
3.81754e-17
3.56632e-17
3.38178e-17
3.29973e-17
3.21592e-17
3.1862e-17
3.16557e-17
3.15629e-17
3.15884e-17
3.1694e-17
3.18675e-17
3.21809e-17
3.18607e-17
3.17099e-17
3.15845e-17
3.15651e-17
3.16324e-17
3.1818e-17
3.22788e-17
3.28377e-17
3.37353e-17
3.53718e-17
3.83175e-17
4.54589e-17
5.94701e-17
1.52359e-16
1.7826e-16
1.88512e-16
1.95555e-16
1.78548e-16
1.75395e-16
1.60844e-16
1.12037e-16
5.56171e-17
4.48792e-17
3.94902e-17
3.60102e-17
3.41744e-17
3.31064e-17
3.24262e-17
3.18897e-17
3.16602e-17
3.15561e-17
3.15331e-17
3.15932e-17
3.17303e-17
3.19222e-17
3.20321e-17
3.17863e-17
3.1619e-17
3.15428e-17
3.15426e-17
3.16382e-17
3.18456e-17
3.22284e-17
3.28811e-17
3.36414e-17
3.52764e-17
3.79139e-17
4.27743e-17
5.01384e-17
7.30581e-17
1.64769e-16
1.73194e-16
1.76301e-16
1.74801e-16
1.69465e-16
1.51568e-16
6.09832e-17
4.64802e-17
4.0373e-17
3.6857e-17
3.46703e-17
3.35605e-17
3.26063e-17
3.20578e-17
3.17287e-17
3.15832e-17
3.15327e-17
3.15591e-17
3.16752e-17
3.18721e-17
3.2098e-17
3.18584e-17
3.16743e-17
3.15655e-17
3.15291e-17
3.15784e-17
3.17473e-17
3.20957e-17
3.25879e-17
3.33449e-17
3.47452e-17
3.6423e-17
4.08569e-17
4.72645e-17
6.82179e-17
1.57373e-16
1.73229e-16
1.77232e-16
1.17288e-16
1.12878e-16
6.74115e-17
4.86266e-17
4.59144e-17
3.96993e-17
3.67889e-17
3.50703e-17
3.35312e-17
3.27066e-17
3.21632e-17
3.18106e-17
3.16702e-17
3.15786e-17
3.15886e-17
3.16768e-17
3.1833e-17
3.19935e-17
3.20753e-17
3.18402e-17
3.17088e-17
3.16192e-17
3.15729e-17
3.1625e-17
3.17822e-17
3.20568e-17
3.24268e-17
3.32948e-17
3.42708e-17
3.58159e-17
3.83687e-17
4.26058e-17
4.99605e-17
5.88196e-17
7.52885e-17
8.59804e-17
1.13792e-16
6.49901e-17
5.71295e-17
4.73999e-17
4.12734e-17
3.77093e-17
3.51591e-17
3.40392e-17
3.28545e-17
3.2289e-17
3.19207e-17
3.17043e-17
3.15967e-17
3.15828e-17
3.16476e-17
3.17605e-17
3.19246e-17
3.21281e-17
3.19241e-17
3.175e-17
3.16559e-17
3.15779e-17
3.16043e-17
3.16975e-17
3.1944e-17
3.23077e-17
3.29634e-17
3.37797e-17
3.52132e-17
3.71291e-17
4.06549e-17
4.63064e-17
5.12333e-17
7.1413e-17
1.13036e-16
4.89023e-17
4.90417e-17
4.40941e-17
4.12348e-17
3.88514e-17
3.67026e-17
3.51419e-17
3.37003e-17
3.29941e-17
3.2384e-17
3.20075e-17
3.17976e-17
3.17094e-17
3.16918e-17
3.17753e-17
3.18848e-17
3.2048e-17
3.2185e-17
3.22829e-17
3.21009e-17
3.19333e-17
3.17924e-17
3.17526e-17
3.16957e-17
3.17491e-17
3.19231e-17
3.22683e-17
3.2731e-17
3.35558e-17
3.43423e-17
3.61342e-17
3.82838e-17
4.03073e-17
4.3556e-17
4.7841e-17
5.01117e-17
4.91147e-17
4.76025e-17
4.2746e-17
3.96501e-17
3.79105e-17
3.56159e-17
3.41282e-17
3.32614e-17
3.25078e-17
3.21357e-17
3.18732e-17
3.17275e-17
3.16969e-17
3.176e-17
3.1805e-17
3.20121e-17
3.21617e-17
3.23575e-17
3.21934e-17
3.1999e-17
3.18619e-17
3.17377e-17
3.16984e-17
3.17302e-17
3.18677e-17
3.20997e-17
3.25311e-17
3.32412e-17
3.41048e-17
3.53487e-17
3.72019e-17
4.03927e-17
4.30436e-17
4.70564e-17
4.97345e-17
4.00474e-17
4.05234e-17
3.88548e-17
3.75048e-17
3.59913e-17
3.48816e-17
3.39205e-17
3.31666e-17
3.25389e-17
3.21465e-17
3.1983e-17
3.18427e-17
3.1871e-17
3.19903e-17
3.21282e-17
3.23499e-17
3.25326e-17
3.26648e-17
3.2718e-17
3.25156e-17
3.24072e-17
3.21569e-17
3.19918e-17
3.18985e-17
3.18697e-17
3.19127e-17
3.2039e-17
3.23562e-17
3.2754e-17
3.34823e-17
3.43497e-17
3.56172e-17
3.68309e-17
3.83333e-17
3.94835e-17
4.0737e-17
4.00094e-17
3.91513e-17
3.78384e-17
3.64217e-17
3.4997e-17
3.39905e-17
3.32773e-17
3.26697e-17
3.22787e-17
3.20297e-17
3.18666e-17
3.1857e-17
3.19148e-17
3.19962e-17
3.22714e-17
3.25118e-17
3.26577e-17
3.27493e-17
3.26388e-17
3.23798e-17
3.22007e-17
3.21302e-17
3.19057e-17
3.18629e-17
3.18882e-17
3.20102e-17
3.22256e-17
3.26554e-17
3.33498e-17
3.41499e-17
3.52164e-17
3.652e-17
3.80312e-17
3.89885e-17
4.02682e-17
3.65205e-17
3.63872e-17
3.56731e-17
3.48557e-17
3.4062e-17
3.36061e-17
3.29426e-17
3.25055e-17
3.22141e-17
3.20138e-17
3.19719e-17
3.20341e-17
3.21646e-17
3.23151e-17
3.25658e-17
3.29126e-17
3.31941e-17
3.34551e-17
3.3473e-17
3.33691e-17
3.30537e-17
3.27743e-17
3.24863e-17
3.23152e-17
3.20614e-17
3.19763e-17
3.19984e-17
3.21179e-17
3.2397e-17
3.2811e-17
3.31921e-17
3.39377e-17
3.46811e-17
3.52882e-17
3.61408e-17
3.64311e-17
3.64229e-17
3.56789e-17
3.55559e-17
3.44451e-17
3.36708e-17
3.3281e-17
3.27101e-17
3.23109e-17
3.20684e-17
3.19859e-17
3.2013e-17
3.21317e-17
3.2264e-17
3.25123e-17
3.28183e-17
3.30882e-17
3.3391e-17
3.36152e-17
3.34664e-17
3.32829e-17
3.29436e-17
3.2689e-17
3.23438e-17
3.21291e-17
3.20222e-17
3.19757e-17
3.20754e-17
3.23261e-17
3.27139e-17
3.30304e-17
3.38034e-17
3.45396e-17
3.52079e-17
3.58707e-17
3.63973e-17
3.44424e-17
3.43521e-17
3.38401e-17
3.34446e-17
3.30752e-17
3.26259e-17
3.23492e-17
3.21891e-17
3.20459e-17
3.20151e-17
3.21228e-17
3.23961e-17
3.26675e-17
3.30554e-17
3.34826e-17
3.41515e-17
3.4648e-17
3.48247e-17
3.48781e-17
3.45992e-17
3.43295e-17
3.38024e-17
3.32287e-17
3.28728e-17
3.24223e-17
3.21815e-17
3.20561e-17
3.20032e-17
3.20852e-17
3.23088e-17
3.25625e-17
3.29678e-17
3.32512e-17
3.3942e-17
3.42254e-17
3.43246e-17
3.43772e-17
3.40411e-17
3.37356e-17
3.32117e-17
3.28028e-17
3.2517e-17
3.21741e-17
3.20612e-17
3.20073e-17
3.20625e-17
3.21993e-17
3.26102e-17
3.29192e-17
3.34116e-17
3.40982e-17
3.44893e-17
3.46938e-17
3.49761e-17
3.48448e-17
3.43418e-17
3.38522e-17
3.33742e-17
3.29768e-17
3.25946e-17
3.22513e-17
3.20802e-17
3.20021e-17
3.20885e-17
3.2224e-17
3.2515e-17
3.28189e-17
3.31819e-17
3.35947e-17
3.40541e-17
3.43367e-17
3.32199e-17
3.30866e-17
3.29032e-17
3.26813e-17
3.2423e-17
3.2158e-17
3.20183e-17
3.19527e-17
3.1966e-17
3.21018e-17
3.24211e-17
3.2753e-17
3.33586e-17
3.42146e-17
3.49752e-17
3.59697e-17
3.6939e-17
3.71044e-17
3.72642e-17
3.75166e-17
3.62965e-17
3.53001e-17
3.4447e-17
3.37108e-17
3.29994e-17
3.25476e-17
3.22054e-17
3.20201e-17
3.1954e-17
3.19754e-17
3.21078e-17
3.2296e-17
3.25647e-17
3.27771e-17
3.29559e-17
3.33341e-17
3.31774e-17
3.29378e-17
3.27242e-17
3.24726e-17
3.22532e-17
3.20784e-17
3.19752e-17
3.19503e-17
3.20753e-17
3.22862e-17
3.26647e-17
3.33079e-17
3.36826e-17
3.4789e-17
3.55327e-17
3.65366e-17
3.70592e-17
3.78836e-17
3.71912e-17
3.67788e-17
3.56412e-17
3.49161e-17
3.41411e-17
3.32754e-17
3.27597e-17
3.23049e-17
3.2079e-17
3.19516e-17
3.19694e-17
3.20449e-17
3.22216e-17
3.2393e-17
3.27232e-17
3.29694e-17
3.3199e-17
3.26308e-17
3.23977e-17
3.2255e-17
3.2055e-17
3.19832e-17
3.18154e-17
3.18118e-17
3.18595e-17
3.20317e-17
3.23744e-17
3.29225e-17
3.35665e-17
3.46785e-17
3.58262e-17
3.76053e-17
3.86859e-17
4.10363e-17
4.11236e-17
4.17555e-17
4.1124e-17
4.0018e-17
3.80695e-17
3.62289e-17
3.50666e-17
3.37929e-17
3.31484e-17
3.25613e-17
3.21423e-17
3.18754e-17
3.18185e-17
3.18108e-17
3.19368e-17
3.20453e-17
3.2142e-17
3.23732e-17
3.25753e-17
3.2527e-17
3.23546e-17
3.21976e-17
3.19789e-17
3.1875e-17
3.17894e-17
3.18223e-17
3.19543e-17
3.21908e-17
3.27158e-17
3.32578e-17
3.40714e-17
3.55164e-17
3.68987e-17
3.88397e-17
4.01279e-17
4.18407e-17
4.17473e-17
4.16783e-17
4.06445e-17
3.87439e-17
3.70763e-17
3.52633e-17
3.40942e-17
3.33579e-17
3.26496e-17
3.21973e-17
3.19646e-17
3.18303e-17
3.1811e-17
3.1852e-17
3.19543e-17
3.21841e-17
3.23369e-17
3.24769e-17
3.22725e-17
3.20772e-17
3.19041e-17
3.17611e-17
3.16612e-17
3.16561e-17
3.16973e-17
3.18771e-17
3.21564e-17
3.26685e-17
3.34553e-17
3.4429e-17
3.59866e-17
3.83339e-17
4.12649e-17
4.66171e-17
4.97134e-17
5.3584e-17
5.41617e-17
5.45213e-17
4.78385e-17
4.31755e-17
4.00439e-17
3.66243e-17
3.49254e-17
3.36989e-17
3.28806e-17
3.22899e-17
3.19554e-17
3.17468e-17
3.16601e-17
3.16612e-17
3.17097e-17
3.18387e-17
3.20149e-17
3.21951e-17
3.2162e-17
3.19536e-17
3.1809e-17
3.17185e-17
3.16579e-17
3.16952e-17
3.17807e-17
3.20597e-17
3.2451e-17
3.31757e-17
3.4226e-17
3.53551e-17
3.73217e-17
4.1187e-17
4.42737e-17
4.88844e-17
5.19637e-17
5.27445e-17
5.12791e-17
4.96407e-17
4.42876e-17
4.02569e-17
3.76686e-17
3.55484e-17
3.41968e-17
3.30941e-17
3.24848e-17
3.20382e-17
3.17869e-17
3.16918e-17
3.16529e-17
3.17226e-17
3.17816e-17
3.19495e-17
3.21704e-17
3.21128e-17
3.19035e-17
3.17199e-17
3.15971e-17
3.15528e-17
3.15885e-17
3.1695e-17
3.19383e-17
3.24489e-17
3.32e-17
3.40023e-17
3.58784e-17
3.83271e-17
4.26783e-17
4.88739e-17
6.87509e-17
1.09907e-16
1.58159e-16
1.67448e-16
1.5768e-16
7.03946e-17
5.19583e-17
4.49075e-17
3.93529e-17
3.68925e-17
3.47347e-17
3.34585e-17
3.2525e-17
3.21065e-17
3.17721e-17
3.16144e-17
3.15563e-17
3.15774e-17
3.16925e-17
3.18089e-17
3.20518e-17
3.19616e-17
3.17751e-17
3.16291e-17
3.15633e-17
3.15636e-17
3.16452e-17
3.18807e-17
3.22234e-17
3.28845e-17
3.3741e-17
3.49945e-17
3.7319e-17
4.06073e-17
4.73203e-17
5.63978e-17
8.3039e-17
1.51573e-16
1.62988e-16
1.53673e-16
8.49746e-17
5.91546e-17
4.69877e-17
4.05947e-17
3.7285e-17
3.54998e-17
3.3776e-17
3.28116e-17
3.2268e-17
3.18752e-17
3.16496e-17
3.15706e-17
3.15554e-17
3.16435e-17
3.17467e-17
3.19483e-17
3.21461e-17
3.18388e-17
3.16626e-17
3.15539e-17
3.15331e-17
3.15803e-17
3.17646e-17
3.21362e-17
3.26978e-17
3.36489e-17
3.50725e-17
3.69707e-17
4.1509e-17
5.02466e-17
7.40421e-17
1.77436e-16
1.77413e-16
1.81799e-16
1.82493e-16
1.80142e-16
1.70676e-16
1.10702e-16
5.29692e-17
4.26447e-17
3.86728e-17
3.54321e-17
3.40178e-17
3.29754e-17
3.23355e-17
3.18562e-17
3.16419e-17
3.15449e-17
3.15377e-17
3.16214e-17
3.17738e-17
3.20449e-17
3.19322e-17
3.17208e-17
3.15832e-17
3.15297e-17
3.15594e-17
3.17138e-17
3.19426e-17
3.2447e-17
3.32949e-17
3.44059e-17
3.60695e-17
3.98532e-17
4.66582e-17
5.7517e-17
1.58786e-16
1.73241e-16
1.79569e-16
1.84002e-16
1.82609e-16
1.7564e-16
1.54938e-16
6.47499e-17
4.6769e-17
3.99148e-17
3.6346e-17
3.45468e-17
3.32847e-17
3.24579e-17
3.19767e-17
3.17141e-17
3.15677e-17
3.15329e-17
3.15776e-17
3.17124e-17
3.193e-17
3.22079e-17
3.19147e-17
3.17274e-17
3.15996e-17
3.16027e-17
3.16838e-17
3.18288e-17
3.22555e-17
3.28836e-17
3.41635e-17
3.60875e-17
3.89161e-17
4.6989e-17
5.85298e-17
1.66556e-16
1.82646e-16
1.92875e-16
2.00901e-16
1.98608e-16
1.94921e-16
1.85036e-16
1.7608e-16
8.40152e-17
5.16997e-17
3.98022e-17
3.65517e-17
3.43849e-17
3.33125e-17
3.24922e-17
3.20345e-17
3.17086e-17
3.15944e-17
3.15866e-17
3.16668e-17
3.18327e-17
3.20879e-17
3.20158e-17
3.17864e-17
3.16526e-17
3.15714e-17
3.16308e-17
3.18141e-17
3.21149e-17
3.2701e-17
3.37089e-17
3.51149e-17
3.79172e-17
4.32384e-17
5.06366e-17
1.54647e-16
1.77595e-16
1.88001e-16
1.99326e-16
2.01324e-16
1.95922e-16
1.88535e-16
1.78227e-16
1.60277e-16
5.50066e-17
4.20996e-17
3.79037e-17
3.51974e-17
3.35906e-17
3.2726e-17
3.22061e-17
3.18093e-17
3.16437e-17
3.15785e-17
3.16267e-17
3.17508e-17
3.2005e-17
3.24253e-17
3.2094e-17
3.18767e-17
3.17391e-17
3.17184e-17
3.18123e-17
3.20871e-17
3.25173e-17
3.3221e-17
3.44938e-17
3.69366e-17
4.09835e-17
5.01217e-17
1.09415e-16
1.75365e-16
1.91148e-16
2.04936e-16
2.12906e-16
2.14346e-16
2.08207e-16
1.97006e-16
1.83725e-16
1.65744e-16
5.46035e-17
4.36274e-17
3.76193e-17
3.50689e-17
3.36569e-17
3.27306e-17
3.21856e-17
3.1862e-17
3.17551e-17
3.17196e-17
3.17977e-17
3.19474e-17
3.2305e-17
3.21463e-17
3.18847e-17
3.17831e-17
3.17078e-17
3.17695e-17
3.19514e-17
3.23027e-17
3.29336e-17
3.41379e-17
3.5854e-17
3.88459e-17
4.72369e-17
6.57564e-17
1.73038e-16
1.86203e-16
2.01414e-16
2.10861e-16
2.15102e-16
2.10168e-16
2.02719e-16
1.87072e-16
1.76579e-16
7.50011e-17
4.8283e-17
3.94897e-17
3.59959e-17
3.40267e-17
3.30345e-17
3.23143e-17
3.19647e-17
3.17486e-17
3.16979e-17
3.17662e-17
3.1919e-17
3.21473e-17
3.26615e-17
3.23168e-17
3.20978e-17
3.1986e-17
3.1928e-17
3.2014e-17
3.22112e-17
3.26296e-17
3.3461e-17
3.47606e-17
3.70861e-17
4.19484e-17
5.17343e-17
1.65899e-16
1.7921e-16
2.0139e-16
2.15097e-16
2.2239e-16
2.23551e-16
2.16765e-16
2.04185e-16
1.86845e-16
1.75667e-16
6.76707e-17
4.55423e-17
3.86993e-17
3.56526e-17
3.39181e-17
3.28854e-17
3.23463e-17
3.20578e-17
3.19122e-17
3.19121e-17
3.20106e-17
3.22533e-17
3.25529e-17
3.23956e-17
3.21745e-17
3.20078e-17
3.19198e-17
3.19827e-17
3.21547e-17
3.24525e-17
3.31277e-17
3.43293e-17
3.61322e-17
3.97609e-17
4.9557e-17
8.04763e-17
1.72489e-16
1.94951e-16
2.09289e-16
2.21351e-16
2.24645e-16
2.20098e-16
2.10088e-16
1.92649e-16
1.77085e-16
1.14901e-16
4.87158e-17
4.02469e-17
3.60929e-17
3.44341e-17
3.31904e-17
3.24727e-17
3.2125e-17
3.19865e-17
3.19481e-17
3.20144e-17
3.21311e-17
3.24241e-17
3.28257e-17
3.24211e-17
3.22401e-17
3.20728e-17
3.20314e-17
3.20911e-17
3.22835e-17
3.27622e-17
3.35504e-17
3.47116e-17
3.76333e-17
4.19439e-17
5.4844e-17
1.66887e-16
1.82136e-16
2.00348e-16
2.14806e-16
2.23778e-16
2.25511e-16
2.19087e-16
2.04089e-16
1.8983e-16
1.71227e-16
7.15246e-17
4.69123e-17
3.86643e-17
3.56142e-17
3.38525e-17
3.30271e-17
3.24097e-17
3.2136e-17
3.2039e-17
3.20766e-17
3.21699e-17
3.2322e-17
3.26642e-17
3.25316e-17
3.23285e-17
3.21336e-17
3.2037e-17
3.20398e-17
3.21677e-17
3.25887e-17
3.32715e-17
3.43515e-17
3.60889e-17
4.04291e-17
5.05966e-17
8.24267e-17
1.7349e-16
1.94804e-16
2.10956e-16
2.22176e-16
2.2584e-16
2.21475e-16
2.12568e-16
1.9358e-16
1.77584e-16
1.18377e-16
4.94743e-17
4.05334e-17
3.6678e-17
3.43912e-17
3.32363e-17
3.25903e-17
3.21552e-17
3.204e-17
3.19591e-17
3.21266e-17
3.23017e-17
3.25576e-17
3.25282e-17
3.21393e-17
3.19143e-17
3.1812e-17
3.17839e-17
3.18834e-17
3.21151e-17
3.25931e-17
3.33736e-17
3.46751e-17
3.70378e-17
4.14576e-17
5.27185e-17
1.59397e-16
1.75441e-16
1.96371e-16
2.0775e-16
2.19645e-16
2.18779e-16
2.11972e-16
2.0192e-16
1.85717e-16
1.69366e-16
6.24803e-17
4.44105e-17
3.80951e-17
3.53191e-17
3.36399e-17
3.26957e-17
3.22538e-17
3.19245e-17
3.17932e-17
3.17885e-17
3.18775e-17
3.2023e-17
3.23223e-17
3.22714e-17
3.20202e-17
3.18687e-17
3.17909e-17
3.18168e-17
3.2002e-17
3.23902e-17
3.30259e-17
3.42467e-17
3.59911e-17
3.91525e-17
4.74371e-17
7.23545e-17
1.73343e-16
1.91821e-16
2.03928e-16
2.15416e-16
2.18755e-16
2.15323e-16
2.03806e-16
1.90025e-16
1.76468e-16
7.85307e-17
4.83822e-17
3.9684e-17
3.61069e-17
3.42285e-17
3.30139e-17
3.24536e-17
3.19849e-17
3.18186e-17
3.17734e-17
3.18356e-17
3.19889e-17
3.22257e-17
3.23009e-17
3.19843e-17
3.17783e-17
3.16464e-17
3.16227e-17
3.1736e-17
3.19378e-17
3.2409e-17
3.30633e-17
3.4252e-17
3.62505e-17
4.00379e-17
4.78863e-17
7.79885e-17
1.70219e-16
1.86827e-16
1.95529e-16
2.04218e-16
2.06489e-16
1.98594e-16
1.8717e-16
1.77513e-16
1.2004e-16
5.18117e-17
4.14527e-17
3.72397e-17
3.46385e-17
3.33383e-17
3.25451e-17
3.20574e-17
3.1805e-17
3.16418e-17
3.16373e-17
3.16974e-17
3.18874e-17
3.21698e-17
3.2064e-17
3.18455e-17
3.16675e-17
3.16116e-17
3.16658e-17
3.18159e-17
3.22125e-17
3.27714e-17
3.38388e-17
3.5226e-17
3.79858e-17
4.28663e-17
5.96018e-17
1.60309e-16
1.83553e-16
1.92107e-16
2.04283e-16
2.07829e-16
2.0243e-16
1.92876e-16
1.81287e-16
1.62887e-16
5.84662e-17
4.4907e-17
3.83516e-17
3.52303e-17
3.39643e-17
3.28639e-17
3.22116e-17
3.18929e-17
3.16963e-17
3.16189e-17
3.16656e-17
3.18103e-17
3.20626e-17
3.21721e-17
3.18718e-17
3.16777e-17
3.15692e-17
3.1542e-17
3.16261e-17
3.17982e-17
3.20985e-17
3.27622e-17
3.37618e-17
3.5247e-17
3.75514e-17
4.25362e-17
5.48571e-17
1.1373e-16
1.69993e-16
1.82399e-16
1.86856e-16
1.8961e-16
1.83455e-16
1.74646e-16
1.55255e-16
6.4985e-17
4.60834e-17
3.89085e-17
3.57985e-17
3.42816e-17
3.30155e-17
3.23251e-17
3.19283e-17
3.16625e-17
3.15606e-17
3.15509e-17
3.163e-17
3.18066e-17
3.20031e-17
3.19507e-17
3.17416e-17
3.15964e-17
3.15445e-17
3.15672e-17
3.17334e-17
3.20154e-17
3.24711e-17
3.33509e-17
3.46019e-17
3.69941e-17
4.06442e-17
4.92461e-17
7.25785e-17
1.61789e-16
1.80145e-16
1.86657e-16
1.89711e-16
1.88131e-16
1.82338e-16
1.69606e-16
7.72401e-17
4.9306e-17
4.14935e-17
3.69854e-17
3.48059e-17
3.35099e-17
3.25144e-17
3.20371e-17
3.17181e-17
3.15813e-17
3.15433e-17
3.15988e-17
3.17162e-17
3.19678e-17
3.21055e-17
3.18903e-17
3.16685e-17
3.15718e-17
3.15366e-17
3.15842e-17
3.17276e-17
3.2065e-17
3.25311e-17
3.32374e-17
3.45685e-17
3.66533e-17
3.99573e-17
4.30033e-17
5.26976e-17
1.12618e-16
1.70481e-16
1.7132e-16
1.72034e-16
1.62955e-16
1.54665e-16
6.46682e-17
4.7821e-17
4.06878e-17
3.69973e-17
3.48813e-17
3.35974e-17
3.27779e-17
3.21389e-17
3.17782e-17
3.16089e-17
3.15437e-17
3.15433e-17
3.16431e-17
3.17935e-17
3.2015e-17
3.19271e-17
3.17505e-17
3.1617e-17
3.15408e-17
3.15568e-17
3.16638e-17
3.19128e-17
3.23161e-17
3.28829e-17
3.39441e-17
3.55495e-17
3.81728e-17
4.23858e-17
5.01751e-17
7.08012e-17
1.66164e-16
1.69509e-16
1.74954e-16
1.7096e-16
1.56415e-16
6.82775e-17
5.15012e-17
4.16222e-17
3.82187e-17
3.56644e-17
3.39465e-17
3.30114e-17
3.23651e-17
3.18797e-17
3.16441e-17
3.15599e-17
3.15435e-17
3.16094e-17
3.1722e-17
3.1916e-17
3.22086e-17
3.19976e-17
3.17984e-17
3.16797e-17
3.16097e-17
3.16202e-17
3.17018e-17
3.19142e-17
3.22091e-17
3.28332e-17
3.37003e-17
3.48262e-17
3.66494e-17
3.98345e-17
4.43433e-17
4.97748e-17
5.3394e-17
6.38527e-17
6.47164e-17
6.10166e-17
5.11468e-17
4.67773e-17
4.13882e-17
3.74234e-17
3.57362e-17
3.41162e-17
3.30876e-17
3.23517e-17
3.20268e-17
3.17424e-17
3.16447e-17
3.16069e-17
3.16484e-17
3.17592e-17
3.19142e-17
3.21487e-17
3.20806e-17
3.18696e-17
3.17644e-17
3.16389e-17
3.16271e-17
3.16657e-17
3.18176e-17
3.21496e-17
3.26007e-17
3.33891e-17
3.43422e-17
3.61855e-17
3.85457e-17
4.19229e-17
4.91582e-17
5.37982e-17
6.19837e-17
7.28466e-17
6.41932e-17
5.31709e-17
4.77782e-17
4.26154e-17
3.90402e-17
3.64394e-17
3.46032e-17
3.35414e-17
3.25589e-17
3.21437e-17
3.1812e-17
3.16825e-17
3.16104e-17
3.1631e-17
3.17333e-17
3.18756e-17
3.20367e-17
3.2407e-17
3.22723e-17
3.2091e-17
3.19503e-17
3.18354e-17
3.17489e-17
3.17573e-17
3.18515e-17
3.20173e-17
3.23818e-17
3.29853e-17
3.38142e-17
3.49116e-17
3.6354e-17
3.87381e-17
4.06021e-17
4.32968e-17
4.45693e-17
4.53207e-17
4.33193e-17
4.19743e-17
3.93596e-17
3.75043e-17
3.55094e-17
3.41908e-17
3.33292e-17
3.26904e-17
3.22325e-17
3.18968e-17
3.1794e-17
3.17533e-17
3.1797e-17
3.19072e-17
3.20187e-17
3.21627e-17
3.24185e-17
3.23677e-17
3.21653e-17
3.19837e-17
3.1868e-17
3.17805e-17
3.17594e-17
3.18016e-17
3.19983e-17
3.2277e-17
3.27605e-17
3.35234e-17
3.4617e-17
3.61043e-17
3.74193e-17
4.02986e-17
4.19728e-17
4.48357e-17
4.53319e-17
4.49676e-17
4.25802e-17
3.97389e-17
3.77512e-17
3.60038e-17
3.46878e-17
3.36482e-17
3.28086e-17
3.22762e-17
3.19951e-17
3.18092e-17
3.17468e-17
3.17683e-17
3.18491e-17
3.19923e-17
3.21719e-17
3.23099e-17
3.30366e-17
3.27322e-17
3.25749e-17
3.24128e-17
3.22113e-17
3.20647e-17
3.19394e-17
3.19018e-17
3.19829e-17
3.21555e-17
3.25327e-17
3.30602e-17
3.37692e-17
3.48307e-17
3.56585e-17
3.6972e-17
3.76721e-17
3.85344e-17
3.83364e-17
3.76511e-17
3.74197e-17
3.6139e-17
3.49402e-17
3.40253e-17
3.32132e-17
3.27164e-17
3.2323e-17
3.20575e-17
3.19144e-17
3.18847e-17
3.19844e-17
3.2148e-17
3.23123e-17
3.24823e-17
3.27629e-17
3.29592e-17
3.29071e-17
3.27766e-17
3.24367e-17
3.22585e-17
3.20825e-17
3.19666e-17
3.18883e-17
3.19398e-17
3.20794e-17
3.23943e-17
3.27824e-17
3.35356e-17
3.44232e-17
3.5448e-17
3.62589e-17
3.69227e-17
3.81646e-17
3.8769e-17
3.85335e-17
3.77547e-17
3.6666e-17
3.55869e-17
3.4333e-17
3.34736e-17
3.28964e-17
3.24315e-17
3.21321e-17
3.19311e-17
3.19265e-17
3.19387e-17
3.20641e-17
3.23593e-17
3.25065e-17
3.27417e-17
3.29215e-17
3.3929e-17
3.38423e-17
3.35784e-17
3.31141e-17
3.28913e-17
3.24661e-17
3.22588e-17
3.20573e-17
3.19944e-17
3.20434e-17
3.21976e-17
3.25093e-17
3.28416e-17
3.34126e-17
3.3898e-17
3.4625e-17
3.49108e-17
3.55443e-17
3.56682e-17
3.54068e-17
3.47275e-17
3.41598e-17
3.36291e-17
3.31601e-17
3.2655e-17
3.22655e-17
3.20923e-17
3.19927e-17
3.20384e-17
3.21882e-17
3.23655e-17
3.26859e-17
3.32512e-17
3.34335e-17
3.3638e-17
3.37755e-17
3.3915e-17
3.36761e-17
3.33503e-17
3.29904e-17
3.25528e-17
3.23364e-17
3.21515e-17
3.20037e-17
3.20203e-17
3.21223e-17
3.23678e-17
3.28148e-17
3.32965e-17
3.36966e-17
3.4552e-17
3.51031e-17
3.54699e-17
3.5816e-17
3.54355e-17
3.49399e-17
3.44056e-17
3.38143e-17
3.32432e-17
3.28447e-17
3.24214e-17
3.21194e-17
3.20092e-17
3.20227e-17
3.21187e-17
3.23507e-17
3.25018e-17
3.29213e-17
3.31907e-17
3.35718e-17
3.37852e-17
3.56019e-17
3.54355e-17
3.49399e-17
3.44056e-17
3.38143e-17
3.32432e-17
3.28447e-17
3.24214e-17
3.21194e-17
3.20004e-17
3.20227e-17
3.21187e-17
3.23507e-17
3.25018e-17
3.2937e-17
3.31877e-17
3.35932e-17
3.37727e-17
3.39483e-17
3.36543e-17
3.34459e-17
3.30834e-17
3.26919e-17
3.23608e-17
3.21472e-17
3.2016e-17
3.20058e-17
3.20642e-17
3.22382e-17
3.25904e-17
3.30424e-17
3.35211e-17
3.40417e-17
3.50561e-17
3.52893e-17
3.55615e-17
3.54452e-17
3.53972e-17
3.4666e-17
3.40484e-17
3.34345e-17
3.28835e-17
3.25002e-17
3.21694e-17
3.20325e-17
3.20034e-17
3.20797e-17
3.22541e-17
3.25157e-17
3.27584e-17
3.32158e-17
3.34909e-17
3.38368e-17
3.40751e-17
3.39588e-17
3.35784e-17
3.31141e-17
3.28913e-17
3.24661e-17
3.22588e-17
3.20962e-17
3.19944e-17
3.20318e-17
3.21976e-17
3.24331e-17
3.28416e-17
3.34114e-17
3.3898e-17
3.4625e-17
3.49108e-17
3.55371e-17
3.84763e-17
3.85335e-17
3.71144e-17
3.64283e-17
3.52767e-17
3.4333e-17
3.34736e-17
3.28146e-17
3.23605e-17
3.21321e-17
3.19311e-17
3.19138e-17
3.19741e-17
3.21032e-17
3.23455e-17
3.25065e-17
3.27747e-17
3.29215e-17
3.29976e-17
3.27732e-17
3.25974e-17
3.23614e-17
3.21161e-17
3.20043e-17
3.19071e-17
3.1921e-17
3.20418e-17
3.22901e-17
3.2748e-17
3.32033e-17
3.38529e-17
3.48221e-17
3.61437e-17
3.70568e-17
3.80857e-17
3.8722e-17
3.83365e-17
3.77034e-17
3.67243e-17
3.57003e-17
3.46714e-17
3.3885e-17
3.3008e-17
3.25987e-17
3.21881e-17
3.19788e-17
3.19195e-17
3.19297e-17
3.20095e-17
3.21986e-17
3.24878e-17
3.26404e-17
3.2901e-17
3.30399e-17
3.28585e-17
3.26737e-17
3.24128e-17
3.22344e-17
3.20668e-17
3.19394e-17
3.19018e-17
3.19829e-17
3.21555e-17
3.25327e-17
3.30145e-17
3.36237e-17
3.46006e-17
3.56585e-17
3.6725e-17
3.76721e-17
3.85344e-17
4.41365e-17
4.49676e-17
4.25802e-17
3.97389e-17
3.77512e-17
3.59341e-17
3.45401e-17
3.35434e-17
3.28086e-17
3.22571e-17
3.19951e-17
3.17963e-17
3.17462e-17
3.17871e-17
3.18577e-17
3.20418e-17
3.21788e-17
3.23099e-17
3.24121e-17
3.22311e-17
3.20449e-17
3.19204e-17
3.18113e-17
3.17419e-17
3.17753e-17
3.18952e-17
3.21312e-17
3.26233e-17
3.32318e-17
3.40361e-17
3.55692e-17
3.70909e-17
3.84439e-17
4.08359e-17
4.3286e-17
4.54211e-17
4.40865e-17
4.25217e-17
4.08267e-17
3.88694e-17
3.653e-17
3.51629e-17
3.38333e-17
3.30509e-17
3.24222e-17
3.20734e-17
3.18428e-17
3.17576e-17
3.17845e-17
3.18296e-17
3.19466e-17
3.2104e-17
3.22663e-17
3.24863e-17
3.22723e-17
3.21107e-17
3.19503e-17
3.18354e-17
3.17672e-17
3.17703e-17
3.18515e-17
3.20173e-17
3.23818e-17
3.29853e-17
3.38142e-17
3.49116e-17
3.62954e-17
3.87381e-17
4.06021e-17
4.1765e-17
4.45693e-17
6.84006e-17
6.06852e-17
5.37491e-17
4.77782e-17
4.26154e-17
3.90402e-17
3.59855e-17
3.42827e-17
3.31414e-17
3.24885e-17
3.21241e-17
3.1812e-17
3.16825e-17
3.16219e-17
3.16509e-17
3.17395e-17
3.19001e-17
3.20566e-17
3.21344e-17
3.19461e-17
3.17834e-17
3.16853e-17
3.16233e-17
3.16352e-17
3.17531e-17
3.20132e-17
3.24266e-17
3.2968e-17
3.38708e-17
3.52872e-17
3.73615e-17
4.08126e-17
4.83773e-17
5.21013e-17
5.84162e-17
6.60172e-17
6.21646e-17
5.81854e-17
4.95981e-17
4.33898e-17
3.96322e-17
3.68202e-17
3.48207e-17
3.3799e-17
3.28733e-17
3.22966e-17
3.19142e-17
3.17071e-17
3.16363e-17
3.16417e-17
3.16981e-17
3.18262e-17
3.19885e-17
3.22157e-17
3.19976e-17
3.18523e-17
3.17111e-17
3.16272e-17
3.16202e-17
3.17018e-17
3.1875e-17
3.22039e-17
3.28332e-17
3.37003e-17
3.48099e-17
3.66494e-17
3.93752e-17
4.32411e-17
4.99015e-17
5.3394e-17
6.48775e-17
1.73684e-16
1.7096e-16
1.56415e-16
6.82775e-17
5.15012e-17
4.16222e-17
3.82187e-17
3.54433e-17
3.39176e-17
3.29324e-17
3.23651e-17
3.18797e-17
3.16441e-17
3.15585e-17
3.15451e-17
3.16094e-17
3.17291e-17
3.19322e-17
3.20164e-17
3.17952e-17
3.16203e-17
3.1556e-17
3.15442e-17
3.1612e-17
3.1821e-17
3.21416e-17
3.27181e-17
3.35528e-17
3.47826e-17
3.67773e-17
4.08884e-17
4.65173e-17
5.79093e-17
1.17488e-16
1.73002e-16
1.67046e-16
1.72201e-16
1.62107e-16
1.15687e-16
5.60247e-17
4.53704e-17
4.03509e-17
3.64208e-17
3.42879e-17
3.32968e-17
3.25508e-17
3.20247e-17
3.17479e-17
3.15825e-17
3.15382e-17
3.15703e-17
3.16848e-17
3.18648e-17
3.21007e-17
3.18903e-17
3.16685e-17
3.15718e-17
3.15392e-17
3.15842e-17
3.17059e-17
3.20044e-17
3.25311e-17
3.32374e-17
3.42889e-17
3.61492e-17
3.92341e-17
4.30033e-17
5.26976e-17
7.45606e-17
1.70481e-16
1.7132e-16
1.89166e-16
1.85389e-16
1.81367e-16
1.69606e-16
7.08727e-17
4.9306e-17
4.11734e-17
3.69854e-17
3.48059e-17
3.3352e-17
3.25144e-17
3.20371e-17
3.17181e-17
3.15813e-17
3.15433e-17
3.15916e-17
3.17293e-17
3.19823e-17
3.2027e-17
3.17872e-17
3.1638e-17
3.15489e-17
3.15471e-17
3.1656e-17
3.1876e-17
3.22679e-17
3.3067e-17
3.44014e-17
3.58594e-17
3.96576e-17
4.53091e-17
5.64919e-17
1.58411e-16
1.7476e-16
1.83161e-16
1.88662e-16
1.88928e-16
1.81611e-16
1.71375e-16
1.11338e-16
5.06756e-17
4.30936e-17
3.81163e-17
3.56646e-17
3.37934e-17
3.27697e-17
3.21356e-17
3.18144e-17
3.16176e-17
3.15422e-17
3.15629e-17
3.1686e-17
3.18449e-17
3.21788e-17
3.18769e-17
3.16777e-17
3.15716e-17
3.1542e-17
3.1623e-17
3.17982e-17
3.20985e-17
3.27622e-17
3.35134e-17
3.5247e-17
3.75514e-17
4.25362e-17
5.13691e-17
1.1373e-16
1.67844e-16
1.81401e-16
1.86856e-16
2.04302e-16
2.0243e-16
1.92876e-16
1.81287e-16
1.62887e-16
5.84662e-17
4.3597e-17
3.83516e-17
3.52303e-17
3.37128e-17
3.2787e-17
3.22116e-17
3.18929e-17
3.16813e-17
3.16125e-17
3.16656e-17
3.181e-17
3.20626e-17
3.21887e-17
3.1881e-17
3.17185e-17
3.16152e-17
3.16293e-17
3.17588e-17
3.2012e-17
3.25073e-17
3.34979e-17
3.4867e-17
3.72224e-17
4.19135e-17
5.14752e-17
1.14997e-16
1.74759e-16
1.89187e-16
1.99768e-16
2.07351e-16
2.02208e-16
1.96845e-16
1.85219e-16
1.70664e-16
7.55938e-17
4.70621e-17
4.02985e-17
3.62517e-17
3.44655e-17
3.31102e-17
3.23944e-17
3.19509e-17
3.17345e-17
3.1617e-17
3.16258e-17
3.17315e-17
3.19403e-17
3.22229e-17
3.19843e-17
3.17783e-17
3.16464e-17
3.16081e-17
3.16972e-17
3.19007e-17
3.22928e-17
3.30633e-17
3.41789e-17
3.62505e-17
4.00379e-17
4.78863e-17
7.79885e-17
1.6742e-16
1.86526e-16
1.95529e-16
2.04218e-16
2.18725e-16
2.15323e-16
2.03806e-16
1.90025e-16
1.76468e-16
7.07348e-17
4.83822e-17
3.93681e-17
3.60101e-17
3.39983e-17
3.30139e-17
3.24423e-17
3.19598e-17
3.18186e-17
3.17734e-17
3.18005e-17
3.1998e-17
3.22608e-17
3.23821e-17
3.20592e-17
3.18763e-17
3.17849e-17
3.1784e-17
3.19069e-17
3.22072e-17
3.27202e-17
3.38187e-17
3.53196e-17
3.81372e-17
4.39741e-17
5.70852e-17
1.64713e-16
1.82045e-16
2.00211e-16
2.12433e-16
2.19531e-16
2.17566e-16
2.09328e-16
1.96884e-16
1.78158e-16
1.56685e-16
5.23492e-17
4.10733e-17
3.72005e-17
3.46323e-17
3.33158e-17
3.25016e-17
3.20876e-17
3.18817e-17
3.17614e-17
3.17862e-17
3.19212e-17
3.2146e-17
3.24072e-17
3.21393e-17
3.19143e-17
3.18024e-17
3.17574e-17
3.18509e-17
3.21151e-17
3.25931e-17
3.33736e-17
3.46751e-17
3.70378e-17
4.14576e-17
5.27185e-17
1.18039e-16
1.74306e-16
1.96371e-16
2.0775e-16
2.15229e-16
2.25487e-16
2.21475e-16
2.11643e-16
1.9358e-16
1.74275e-16
1.18026e-16
4.94743e-17
4.05334e-17
3.63283e-17
3.4248e-17
3.31915e-17
3.25903e-17
3.21552e-17
3.204e-17
3.19591e-17
3.21168e-17
3.22869e-17
3.25586e-17
3.26688e-17
3.23605e-17
3.21671e-17
3.20422e-17
3.20263e-17
3.21388e-17
3.23983e-17
3.29113e-17
3.40379e-17
3.56009e-17
3.82216e-17
4.56268e-17
7.09298e-17
1.68855e-16
1.88414e-16
2.05976e-16
2.18833e-16
2.2561e-16
2.24297e-16
2.15392e-16
2.00687e-16
1.83891e-16
1.5587e-16
5.56491e-17
4.17256e-17
3.73221e-17
3.49962e-17
3.35291e-17
3.27577e-17
3.22815e-17
3.20799e-17
3.19943e-17
3.2066e-17
3.2204e-17
3.24776e-17
3.28566e-17
3.24568e-17
3.22401e-17
3.20728e-17
3.20315e-17
3.20718e-17
3.22835e-17
3.27358e-17
3.35032e-17
3.46679e-17
3.7645e-17
4.19439e-17
5.4844e-17
1.66887e-16
1.82136e-16
2.00348e-16
2.15251e-16
2.23778e-16
2.24122e-16
2.19996e-16
2.10088e-16
1.92649e-16
1.72563e-16
1.14901e-16
4.87158e-17
4.02469e-17
3.58468e-17
3.44341e-17
3.31904e-17
3.24727e-17
3.21199e-17
3.19859e-17
3.19481e-17
3.20144e-17
3.21311e-17
3.24401e-17
3.2631e-17
3.2276e-17
3.20268e-17
3.19482e-17
3.19419e-17
3.20576e-17
3.23666e-17
3.29266e-17
3.38307e-17
3.54509e-17
3.83221e-17
4.51712e-17
6.54985e-17
1.69038e-16
1.85594e-16
2.05471e-16
2.18329e-16
2.2419e-16
2.22744e-16
2.14366e-16
1.99643e-16
1.81176e-16
1.60901e-16
4.92968e-17
4.31644e-17
3.76525e-17
3.50775e-17
3.35339e-17
3.26571e-17
3.22404e-17
3.2016e-17
3.18918e-17
3.1996e-17
3.21297e-17
3.23611e-17
3.26913e-17
3.23168e-17
3.20978e-17
3.1986e-17
3.1928e-17
3.20232e-17
3.22112e-17
3.26296e-17
3.3461e-17
3.47284e-17
3.69407e-17
4.14839e-17
5.14227e-17
1.65262e-16
1.80246e-16
2.0139e-16
2.15097e-16
2.2239e-16
2.1583e-16
2.10168e-16
2.02415e-16
1.87467e-16
1.76579e-16
6.90408e-17
4.8283e-17
3.93097e-17
3.58501e-17
3.40267e-17
3.30345e-17
3.23103e-17
3.19248e-17
3.17486e-17
3.17008e-17
3.17662e-17
3.1919e-17
3.21951e-17
3.23078e-17
3.19793e-17
3.18296e-17
3.17332e-17
3.17281e-17
3.18754e-17
3.22078e-17
3.27012e-17
3.3655e-17
3.5053e-17
3.78921e-17
4.3511e-17
5.71325e-17
1.6242e-16
1.82431e-16
1.96706e-16
2.09886e-16
2.16458e-16
2.13846e-16
2.06206e-16
1.90957e-16
1.75617e-16
1.18286e-16
5.03922e-17
4.08511e-17
3.68938e-17
3.43987e-17
3.33163e-17
3.24615e-17
3.20658e-17
3.18485e-17
3.17188e-17
3.17107e-17
3.18386e-17
3.20779e-17
3.23997e-17
3.2094e-17
3.18767e-17
3.17391e-17
3.1719e-17
3.1817e-17
3.20871e-17
3.25173e-17
3.3221e-17
3.45176e-17
3.69366e-17
4.06663e-17
4.87344e-17
1.13698e-16
1.75365e-16
1.91148e-16
2.05375e-16
2.14078e-16
2.01341e-16
1.95922e-16
1.8767e-16
1.77649e-16
1.60277e-16
5.55486e-17
4.20159e-17
3.77724e-17
3.51974e-17
3.3704e-17
3.2726e-17
3.22061e-17
3.18093e-17
3.16437e-17
3.15785e-17
3.16431e-17
3.17752e-17
3.2043e-17
3.21443e-17
3.18599e-17
3.16718e-17
3.1604e-17
3.16012e-17
3.17393e-17
3.20143e-17
3.24992e-17
3.33263e-17
3.44926e-17
3.68302e-17
4.12741e-17
5.06706e-17
1.15231e-16
1.73461e-16
1.84228e-16
1.95881e-16
2.03348e-16
1.98517e-16
1.92361e-16
1.83248e-16
1.64836e-16
7.43411e-17
4.54513e-17
3.92142e-17
3.60421e-17
3.40021e-17
3.29128e-17
3.23508e-17
3.18986e-17
3.17008e-17
3.1591e-17
3.16139e-17
3.17107e-17
3.19093e-17
3.22709e-17
3.19147e-17
3.17274e-17
3.1611e-17
3.16027e-17
3.16838e-17
3.18288e-17
3.22565e-17
3.28827e-17
3.41635e-17
3.60875e-17
3.89161e-17
4.67443e-17
5.85298e-17
1.66556e-16
1.81588e-16
1.91111e-16
2.00901e-16
1.85477e-16
1.82609e-16
1.76439e-16
1.54938e-16
6.47499e-17
4.6769e-17
4.028e-17
3.6346e-17
3.45468e-17
3.33398e-17
3.24579e-17
3.19767e-17
3.17065e-17
3.15736e-17
3.15329e-17
3.15889e-17
3.17124e-17
3.19488e-17
3.2004e-17
3.17912e-17
3.16193e-17
3.15475e-17
3.15405e-17
3.16359e-17
3.18725e-17
3.22657e-17
3.30345e-17
3.40915e-17
3.55157e-17
3.88472e-17
4.40359e-17
5.69695e-17
1.17356e-16
1.73379e-16
1.77694e-16
1.83113e-16
1.8276e-16
1.78556e-16
1.65999e-16
8.36939e-17
4.99508e-17
4.2157e-17
3.77373e-17
3.49918e-17
3.36498e-17
3.27126e-17
3.213e-17
3.17786e-17
3.15964e-17
3.15337e-17
3.1555e-17
3.16553e-17
3.18519e-17
3.21464e-17
3.18388e-17
3.16626e-17
3.15613e-17
3.15357e-17
3.15803e-17
3.17646e-17
3.2106e-17
3.26978e-17
3.36489e-17
3.494e-17
3.69671e-17
4.1509e-17
5.02466e-17
7.67642e-17
1.70334e-16
1.77413e-16
1.80326e-16
1.70161e-16
1.5366e-16
8.49746e-17
5.80459e-17
4.69877e-17
4.05947e-17
3.7285e-17
3.54805e-17
3.3776e-17
3.2794e-17
3.2268e-17
3.18752e-17
3.16496e-17
3.15706e-17
3.15554e-17
3.16409e-17
3.17591e-17
3.19483e-17
3.20686e-17
3.18276e-17
3.16657e-17
3.15751e-17
3.1553e-17
3.16176e-17
3.17764e-17
3.21012e-17
3.2624e-17
3.35795e-17
3.47114e-17
3.63941e-17
3.99522e-17
4.53517e-17
5.25192e-17
7.17006e-17
1.46688e-16
1.63111e-16
1.5728e-16
1.22043e-16
6.2214e-17
5.29866e-17
4.30085e-17
3.81922e-17
3.60766e-17
3.43484e-17
3.33393e-17
3.24848e-17
3.19837e-17
3.17079e-17
3.16018e-17
3.15524e-17
3.16087e-17
3.16936e-17
3.18871e-17
3.21524e-17
3.19027e-17
3.17201e-17
3.15971e-17
3.15528e-17
3.15885e-17
3.16928e-17
3.19383e-17
3.24489e-17
3.32e-17
3.41176e-17
3.58096e-17
3.83271e-17
4.29541e-17
4.88739e-17
6.87509e-17
1.09907e-16
1.58159e-16
5.26623e-17
5.15696e-17
4.98283e-17
4.42876e-17
4.02569e-17
3.77341e-17
3.55484e-17
3.42242e-17
3.31217e-17
3.24314e-17
3.20382e-17
3.17869e-17
3.16852e-17
3.16529e-17
3.17076e-17
3.17816e-17
3.19495e-17
3.211e-17
3.21838e-17
3.20415e-17
3.1844e-17
3.17085e-17
3.16639e-17
3.16666e-17
3.17381e-17
3.19497e-17
3.22482e-17
3.29355e-17
3.36979e-17
3.4938e-17
3.67878e-17
3.9428e-17
4.32976e-17
4.84676e-17
5.18989e-17
5.19395e-17
5.35956e-17
5.51338e-17
4.66986e-17
4.17803e-17
3.87728e-17
3.62735e-17
3.45931e-17
3.3471e-17
3.26975e-17
3.21714e-17
3.18837e-17
3.1713e-17
3.16482e-17
3.16531e-17
3.17739e-17
3.1908e-17
3.20883e-17
3.22646e-17
3.20743e-17
3.19041e-17
3.17611e-17
3.16612e-17
3.16561e-17
3.16973e-17
3.18771e-17
3.21564e-17
3.26685e-17
3.34553e-17
3.4429e-17
3.59866e-17
3.83339e-17
4.12649e-17
4.66171e-17
5.13696e-17
5.39411e-17
4.36761e-17
4.16783e-17
4.06445e-17
3.87439e-17
3.69227e-17
3.52633e-17
3.42385e-17
3.33579e-17
3.26463e-17
3.22341e-17
3.19646e-17
3.18303e-17
3.1811e-17
3.1852e-17
3.19543e-17
3.21841e-17
3.23369e-17
3.24769e-17
3.25773e-17
3.23862e-17
3.21456e-17
3.20833e-17
3.18832e-17
3.17986e-17
3.18131e-17
3.18984e-17
3.21697e-17
3.25273e-17
3.30533e-17
3.39348e-17
3.49581e-17
3.62144e-17
3.80882e-17
3.97815e-17
4.1487e-17
4.22784e-17
4.20099e-17
4.1459e-17
3.95559e-17
3.74881e-17
3.58268e-17
3.45061e-17
3.36739e-17
3.28348e-17
3.23666e-17
3.2052e-17
3.18389e-17
3.18004e-17
3.18329e-17
3.19666e-17
3.20576e-17
3.22685e-17
3.24073e-17
3.26031e-17
3.23977e-17
3.2255e-17
3.2055e-17
3.19817e-17
3.1812e-17
3.18118e-17
3.18595e-17
3.20213e-17
3.23744e-17
3.29225e-17
3.35665e-17
3.46087e-17
3.58162e-17
3.75006e-17
3.86859e-17
4.12129e-17
4.25089e-17
3.73108e-17
3.71191e-17
3.68832e-17
3.56102e-17
3.4917e-17
3.41411e-17
3.34035e-17
3.27597e-17
3.231e-17
3.2067e-17
3.19516e-17
3.19774e-17
3.20402e-17
3.22398e-17
3.2393e-17
3.27232e-17
3.29694e-17
3.31346e-17
3.32012e-17
3.29901e-17
3.27842e-17
3.25333e-17
3.2233e-17
3.21307e-17
3.19699e-17
3.19376e-17
3.20134e-17
3.22084e-17
3.25118e-17
3.30088e-17
3.38365e-17
3.45941e-17
3.53656e-17
3.59563e-17
3.69893e-17
3.71534e-17
3.70228e-17
3.65923e-17
3.61929e-17
3.48943e-17
3.42212e-17
3.35009e-17
3.28344e-17
3.23834e-17
3.21276e-17
3.19763e-17
3.19444e-17
3.20345e-17
3.21347e-17
3.23199e-17
3.25785e-17
3.27794e-17
3.30614e-17
3.32462e-17
3.3007e-17
3.29032e-17
3.26813e-17
3.2423e-17
3.2158e-17
3.20304e-17
3.19527e-17
3.1966e-17
3.21018e-17
3.24211e-17
3.27415e-17
3.33586e-17
3.42146e-17
3.50981e-17
3.59074e-17
3.6939e-17
3.74664e-17
3.51049e-17
3.49089e-17
3.44526e-17
3.38522e-17
3.34516e-17
3.29768e-17
3.25946e-17
3.22513e-17
3.20802e-17
3.19972e-17
3.20683e-17
3.21972e-17
3.25778e-17
3.28189e-17
3.31819e-17
3.35947e-17
3.40541e-17
3.43542e-17
3.42546e-17
3.40882e-17
3.38343e-17
3.33712e-17
3.28706e-17
3.25704e-17
3.22784e-17
3.20767e-17
3.20245e-17
3.20244e-17
3.21481e-17
3.24536e-17
3.28089e-17
3.32516e-17
3.3775e-17
3.41512e-17
3.45844e-17
3.50217e-17
3.47933e-17
3.46009e-17
3.40859e-17
3.37199e-17
3.31214e-17
3.2665e-17
3.23433e-17
3.21349e-17
3.20146e-17
3.2014e-17
3.21212e-17
3.23678e-17
3.26297e-17
3.30845e-17
3.35415e-17
3.38787e-17
3.41536e-17
3.44916e-17
3.43521e-17
3.38401e-17
3.34446e-17
3.30752e-17
3.26259e-17
3.233e-17
3.21432e-17
3.20335e-17
3.20131e-17
3.21228e-17
3.23961e-17
3.27313e-17
3.30554e-17
3.34857e-17
3.41515e-17
3.45085e-17
3.48247e-17
3.36085e-17
3.34559e-17
3.32829e-17
3.29896e-17
3.2689e-17
3.23251e-17
3.21291e-17
3.20108e-17
3.19757e-17
3.20781e-17
3.23341e-17
3.27139e-17
3.30304e-17
3.38034e-17
3.45396e-17
3.52079e-17
3.57786e-17
3.63973e-17
3.63988e-17
3.61127e-17
3.52506e-17
3.46779e-17
3.39437e-17
3.33001e-17
3.2852e-17
3.23861e-17
3.21011e-17
3.1993e-17
3.2005e-17
3.20662e-17
3.22668e-17
3.2481e-17
3.28178e-17
3.30714e-17
3.32393e-17
3.36624e-17
3.35054e-17
3.32706e-17
3.30566e-17
3.26694e-17
3.24158e-17
3.21913e-17
3.20515e-17
3.19667e-17
3.2036e-17
3.22119e-17
3.24728e-17
3.3063e-17
3.34508e-17
3.41852e-17
3.47799e-17
3.53213e-17
3.62684e-17
3.63124e-17
3.59171e-17
3.56731e-17
3.49259e-17
3.42192e-17
3.36061e-17
3.29426e-17
3.25579e-17
3.2226e-17
3.20138e-17
3.19719e-17
3.20341e-17
3.22042e-17
3.24184e-17
3.26907e-17
3.2992e-17
3.31941e-17
3.34551e-17
3.28132e-17
3.26427e-17
3.23798e-17
3.2193e-17
3.20873e-17
3.1899e-17
3.18979e-17
3.18882e-17
3.20295e-17
3.22493e-17
3.26275e-17
3.33498e-17
3.41499e-17
3.52164e-17
3.652e-17
3.76719e-17
3.89885e-17
4.02682e-17
3.97192e-17
3.94251e-17
3.85713e-17
3.71006e-17
3.57045e-17
3.44174e-17
3.34566e-17
3.2875e-17
3.23632e-17
3.20651e-17
3.19037e-17
3.18498e-17
3.19108e-17
3.20682e-17
3.21535e-17
3.2442e-17
3.25487e-17
3.27609e-17
3.27324e-17
3.25492e-17
3.23841e-17
3.21339e-17
3.20046e-17
3.18943e-17
3.18506e-17
3.19441e-17
3.20997e-17
3.25018e-17
3.30077e-17
3.369e-17
3.48863e-17
3.5784e-17
3.71878e-17
3.83111e-17
3.982e-17
4.0055e-17
3.96862e-17
3.86228e-17
3.75048e-17
3.59913e-17
3.48816e-17
3.39693e-17
3.31467e-17
3.25389e-17
3.21465e-17
3.1983e-17
3.18619e-17
3.18906e-17
3.19903e-17
3.21252e-17
3.23499e-17
3.24987e-17
3.26648e-17
3.23667e-17
3.22057e-17
3.19588e-17
3.18619e-17
3.17672e-17
3.16984e-17
3.17302e-17
3.18699e-17
3.21103e-17
3.25311e-17
3.32412e-17
3.41048e-17
3.53487e-17
3.71848e-17
4.03037e-17
4.23589e-17
4.54216e-17
4.97345e-17
4.82755e-17
4.6412e-17
4.43053e-17
4.11553e-17
3.82856e-17
3.61412e-17
3.46581e-17
3.33721e-17
3.28e-17
3.2258e-17
3.19454e-17
3.17667e-17
3.16974e-17
3.17263e-17
3.17962e-17
3.19478e-17
3.21103e-17
3.2297e-17
3.22229e-17
3.20784e-17
3.18751e-17
3.17376e-17
3.17152e-17
3.1719e-17
3.17968e-17
3.19925e-17
3.23413e-17
3.29099e-17
3.381e-17
3.49945e-17
3.64219e-17
3.87892e-17
4.15887e-17
4.47085e-17
5.01682e-17
4.88178e-17
4.74189e-17
4.40941e-17
4.12248e-17
3.87313e-17
3.67026e-17
3.51419e-17
3.37003e-17
3.29941e-17
3.2415e-17
3.20075e-17
3.18118e-17
3.17094e-17
3.16918e-17
3.17753e-17
3.18714e-17
3.2048e-17
3.22408e-17
3.21723e-17
3.19241e-17
3.175e-17
3.16339e-17
3.15905e-17
3.16043e-17
3.17177e-17
3.1944e-17
3.23077e-17
3.29474e-17
3.37797e-17
3.51445e-17
3.71291e-17
4.07848e-17
4.71275e-17
5.12333e-17
6.66853e-17
1.13036e-16
8.45139e-17
7.77539e-17
5.54967e-17
4.83031e-17
4.17458e-17
3.86263e-17
3.58827e-17
3.41915e-17
3.32368e-17
3.25378e-17
3.20315e-17
3.17381e-17
3.16262e-17
3.159e-17
3.16101e-17
3.1735e-17
3.1849e-17
3.21235e-17
3.20055e-17
3.18143e-17
3.17078e-17
3.15975e-17
3.15976e-17
3.16611e-17
3.18237e-17
3.20946e-17
3.26759e-17
3.34011e-17
3.45757e-17
3.6485e-17
4.02816e-17
4.31581e-17
5.17801e-17
6.6493e-17
8.07128e-17
1.14356e-16
1.12683e-16
6.74115e-17
4.96782e-17
4.59144e-17
3.96993e-17
3.67889e-17
3.50703e-17
3.35312e-17
3.27066e-17
3.21811e-17
3.18131e-17
3.16702e-17
3.15854e-17
3.16012e-17
3.16724e-17
3.18051e-17
3.19935e-17
3.21374e-17
3.18584e-17
3.16743e-17
3.15655e-17
3.15307e-17
3.15884e-17
3.17349e-17
3.20957e-17
3.25457e-17
3.35163e-17
3.4741e-17
3.6423e-17
4.02664e-17
4.72645e-17
6.82179e-17
1.50961e-16
1.72848e-16
1.77232e-16
1.77139e-16
1.68401e-16
1.58259e-16
7.39867e-17
4.98197e-17
4.22265e-17
3.77911e-17
3.53073e-17
3.37847e-17
3.28464e-17
3.22337e-17
3.18531e-17
3.16386e-17
3.15396e-17
3.15432e-17
3.16211e-17
3.17983e-17
3.20064e-17
3.19446e-17
3.17478e-17
3.15874e-17
3.15329e-17
3.15532e-17
3.16849e-17
3.19112e-17
3.23608e-17
3.2993e-17
3.41473e-17
3.58591e-17
3.89297e-17
4.41139e-17
5.11558e-17
8.09299e-17
1.61592e-16
1.71883e-16
1.77453e-16
1.7361e-16
1.59585e-16
1.12037e-16
5.56171e-17
4.42352e-17
3.94902e-17
3.60788e-17
3.40957e-17
3.32175e-17
3.24262e-17
3.19658e-17
3.16938e-17
3.15561e-17
3.15345e-17
3.15875e-17
3.17303e-17
3.19222e-17
3.21891e-17
3.18607e-17
3.16891e-17
3.15769e-17
3.15643e-17
3.1639e-17
3.1818e-17
3.22788e-17
3.28377e-17
3.38746e-17
3.53718e-17
3.84025e-17
4.54589e-17
5.94701e-17
1.52359e-16
1.75014e-16
1.88512e-16
1.93382e-16
1.95277e-16
1.88394e-16
1.78695e-16
1.66872e-16
7.49769e-17
4.73073e-17
4.05294e-17
3.64647e-17
3.43843e-17
3.31835e-17
3.24466e-17
3.19295e-17
3.16823e-17
3.15723e-17
3.15645e-17
3.16354e-17
3.17931e-17
3.20294e-17
3.1965e-17
3.17384e-17
3.16056e-17
3.15489e-17
3.16088e-17
3.17641e-17
3.2121e-17
3.26342e-17
3.35519e-17
3.48642e-17
3.71888e-17
4.18474e-17
5.02898e-17
1.12227e-16
1.7425e-16
1.84142e-16
1.92972e-16
1.91529e-16
1.91128e-16
1.84058e-16
1.75034e-16
1.14956e-16
5.16295e-17
4.22142e-17
3.73761e-17
3.49528e-17
3.37018e-17
3.25801e-17
3.20597e-17
3.17682e-17
3.15994e-17
3.15578e-17
3.15924e-17
3.17299e-17
3.19497e-17
3.23166e-17
3.19918e-17
3.17855e-17
3.16713e-17
3.16618e-17
3.1759e-17
3.20044e-17
3.24187e-17
3.31762e-17
3.43985e-17
3.64142e-17
4.03019e-17
4.84636e-17
8.3653e-17
1.69115e-16
1.88572e-16
1.99893e-16
2.09358e-16
2.11436e-16
2.03649e-16
1.90935e-16
1.78776e-16
1.54044e-16
5.37227e-17
4.28888e-17
3.75488e-17
3.49065e-17
3.34878e-17
3.25992e-17
3.21134e-17
3.18288e-17
3.16893e-17
3.16615e-17
3.17484e-17
3.19062e-17
3.21787e-17
3.21367e-17
3.18577e-17
3.17137e-17
3.16574e-17
3.17008e-17
3.18557e-17
3.22328e-17
3.28424e-17
3.38754e-17
3.55315e-17
3.85009e-17
4.55028e-17
6.8671e-17
1.70982e-16
1.81345e-16
1.97399e-16
2.05379e-16
2.12163e-16
2.06726e-16
1.9752e-16
1.85854e-16
1.63416e-16
6.75106e-17
4.54582e-17
3.84959e-17
3.57015e-17
3.40052e-17
3.28912e-17
3.23098e-17
3.19197e-17
3.17162e-17
3.16686e-17
3.16989e-17
3.18629e-17
3.20458e-17
3.25485e-17
3.22547e-17
3.19986e-17
3.18863e-17
3.18136e-17
3.1926e-17
3.21604e-17
3.25867e-17
3.33142e-17
3.46168e-17
3.72298e-17
4.23858e-17
5.23492e-17
1.6051e-16
1.77376e-16
1.98753e-16
2.12806e-16
2.19927e-16
2.21421e-16
2.15099e-16
2.02988e-16
1.85749e-16
1.70347e-16
6.4661e-17
4.46587e-17
3.86426e-17
3.54545e-17
3.36809e-17
3.28539e-17
3.22591e-17
3.19917e-17
3.18477e-17
3.18608e-17
3.19576e-17
3.21252e-17
3.24248e-17
3.2316e-17
3.20766e-17
3.19143e-17
3.18048e-17
3.19071e-17
3.20514e-17
3.23852e-17
3.31105e-17
3.40853e-17
3.57601e-17
3.98649e-17
4.78057e-17
8.12205e-17
1.71943e-16
1.92018e-16
2.07282e-16
2.1694e-16
2.22489e-16
2.17924e-16
2.07742e-16
1.92132e-16
1.74943e-16
8.29157e-17
4.97807e-17
3.96278e-17
3.63215e-17
3.40714e-17
3.31336e-17
3.24536e-17
3.20978e-17
3.18862e-17
3.18524e-17
3.18989e-17
3.20689e-17
3.23316e-17
3.30765e-17
3.26218e-17
3.23044e-17
3.21367e-17
3.21107e-17
3.21569e-17
3.24087e-17
3.27724e-17
3.37222e-17
3.50978e-17
3.76177e-17
4.2855e-17
5.42466e-17
1.77365e-16
1.8369e-16
2.01944e-16
2.16438e-16
2.24367e-16
2.25729e-16
2.19984e-16
2.06585e-16
1.90257e-16
1.7386e-16
7.97453e-17
4.73082e-17
3.84094e-17
3.5656e-17
3.40034e-17
3.30614e-17
3.25001e-17
3.21588e-17
3.21349e-17
3.21572e-17
3.22768e-17
3.24903e-17
3.2824e-17
3.2719e-17
3.24526e-17
3.22178e-17
3.20836e-17
3.21183e-17
3.22648e-17
3.26019e-17
3.33123e-17
3.43737e-17
3.67669e-17
4.00849e-17
4.83247e-17
1.13038e-16
1.76784e-16
1.94589e-16
2.12656e-16
2.21469e-16
2.25725e-16
2.22716e-16
2.11551e-16
1.94421e-16
1.7944e-16
1.23259e-16
4.91885e-17
4.05528e-17
3.63145e-17
3.43453e-17
3.3326e-17
3.26381e-17
3.22684e-17
3.21595e-17
3.21266e-17
3.22618e-17
3.24023e-17
3.26491e-17
3.26422e-17
3.22547e-17
3.19986e-17
3.18854e-17
3.18601e-17
3.19599e-17
3.21604e-17
3.25867e-17
3.33142e-17
3.48069e-17
3.72298e-17
4.07646e-17
5.22888e-17
1.65625e-16
1.77376e-16
1.98753e-16
2.12806e-16
2.20086e-16
2.21972e-16
2.15099e-16
2.02988e-16
1.87164e-16
1.79963e-16
6.4661e-17
4.46587e-17
3.86885e-17
3.54545e-17
3.37194e-17
3.28655e-17
3.22744e-17
3.20409e-17
3.18757e-17
3.18791e-17
3.19946e-17
3.21252e-17
3.24867e-17
3.23408e-17
3.20904e-17
3.19459e-17
3.18506e-17
3.19071e-17
3.20733e-17
3.24445e-17
3.32058e-17
3.40872e-17
3.59997e-17
3.95073e-17
4.78057e-17
7.94099e-17
1.71542e-16
1.91847e-16
2.09179e-16
2.18607e-16
2.22489e-16
2.17924e-16
2.07742e-16
1.9158e-16
1.74943e-16
8.34193e-17
4.97807e-17
3.91267e-17
3.59524e-17
3.42768e-17
3.30967e-17
3.24993e-17
3.20967e-17
3.19067e-17
3.18668e-17
3.19271e-17
3.20689e-17
3.23727e-17
3.23288e-17
3.2007e-17
3.17855e-17
3.1704e-17
3.16618e-17
3.17856e-17
3.20021e-17
3.24633e-17
3.31933e-17
3.43985e-17
3.64499e-17
4.03019e-17
4.96388e-17
1.09034e-16
1.72223e-16
1.88912e-16
2.02262e-16
2.10869e-16
2.11867e-16
2.03649e-16
1.90935e-16
1.78776e-16
1.54044e-16
5.37227e-17
4.31846e-17
3.76363e-17
3.49065e-17
3.34878e-17
3.26007e-17
3.21683e-17
3.1832e-17
3.16893e-17
3.1677e-17
3.17484e-17
3.19311e-17
3.2192e-17
3.21367e-17
3.19027e-17
3.1717e-17
3.16574e-17
3.17254e-17
3.18839e-17
3.22883e-17
3.29266e-17
3.38919e-17
3.55315e-17
3.84682e-17
4.55028e-17
7.02505e-17
1.74004e-16
1.81078e-16
1.97399e-16
2.09758e-16
2.12163e-16
2.06726e-16
1.9752e-16
1.85854e-16
1.6247e-16
6.69051e-17
4.63851e-17
3.84959e-17
3.54815e-17
3.40052e-17
3.28777e-17
3.23151e-17
3.19187e-17
3.17208e-17
3.16686e-17
3.16989e-17
3.18643e-17
3.21056e-17
3.22048e-17
3.18607e-17
3.17099e-17
3.15845e-17
3.15651e-17
3.16368e-17
3.18539e-17
3.22788e-17
3.29319e-17
3.39013e-17
3.54409e-17
3.83175e-17
4.57128e-17
6.39902e-17
1.60854e-16
1.7826e-16
1.88512e-16
1.95555e-16
1.95277e-16
1.90716e-16
1.82044e-16
1.68865e-16
7.6176e-17
4.81231e-17
4.05294e-17
3.65039e-17
3.43843e-17
3.31835e-17
3.24118e-17
3.19295e-17
3.16947e-17
3.15773e-17
3.15645e-17
3.16345e-17
3.17997e-17
3.20294e-17
3.19565e-17
3.17588e-17
3.16067e-17
3.1573e-17
3.16088e-17
3.17427e-17
3.20718e-17
3.25774e-17
3.35519e-17
3.49643e-17
3.71888e-17
4.18474e-17
4.97782e-17
1.12227e-16
1.7425e-16
1.84693e-16
1.93935e-16
1.93995e-16
1.91128e-16
1.84058e-16
1.76356e-16
1.13617e-16
5.19351e-17
4.22142e-17
3.78856e-17
3.49397e-17
3.37018e-17
3.26731e-17
3.20597e-17
3.17588e-17
3.16015e-17
3.1558e-17
3.15924e-17
3.1745e-17
3.19298e-17
3.21374e-17
3.18597e-17
3.16743e-17
3.15655e-17
3.15291e-17
3.15884e-17
3.17473e-17
3.20957e-17
3.25879e-17
3.35531e-17
3.47452e-17
3.69381e-17
4.14601e-17
4.72645e-17
6.82179e-17
1.57373e-16
1.72848e-16
1.77232e-16
1.77139e-16
1.73007e-16
1.62002e-16
7.41051e-17
4.98197e-17
4.26989e-17
3.79727e-17
3.5251e-17
3.37847e-17
3.27719e-17
3.22337e-17
3.18607e-17
3.16225e-17
3.15454e-17
3.15448e-17
3.1621e-17
3.17998e-17
3.20201e-17
3.19463e-17
3.17419e-17
3.15874e-17
3.15321e-17
3.15536e-17
3.16667e-17
3.19389e-17
3.23733e-17
3.31028e-17
3.4226e-17
3.58591e-17
3.96331e-17
4.32125e-17
5.29383e-17
1.16225e-16
1.61592e-16
1.71883e-16
1.78709e-16
1.75395e-16
1.60844e-16
1.12037e-16
5.56171e-17
4.48792e-17
3.94902e-17
3.60788e-17
3.41744e-17
3.31699e-17
3.24534e-17
3.19723e-17
3.16938e-17
3.15563e-17
3.15331e-17
3.15932e-17
3.17074e-17
3.19447e-17
3.21723e-17
3.19241e-17
3.175e-17
3.16339e-17
3.15779e-17
3.15962e-17
3.16975e-17
3.19261e-17
3.23077e-17
3.29816e-17
3.38138e-17
3.52012e-17
3.71291e-17
4.07848e-17
4.71275e-17
5.33901e-17
7.68185e-17
1.13036e-16
8.52162e-17
8.22309e-17
6.15616e-17
4.88658e-17
4.27924e-17
3.86263e-17
3.58826e-17
3.44604e-17
3.32368e-17
3.25178e-17
3.20315e-17
3.17565e-17
3.16262e-17
3.15757e-17
3.16027e-17
3.17039e-17
3.1849e-17
3.20805e-17
3.19752e-17
3.18143e-17
3.17032e-17
3.15856e-17
3.15851e-17
3.16611e-17
3.18237e-17
3.20946e-17
3.26844e-17
3.36055e-17
3.47465e-17
3.66525e-17
4.02816e-17
4.32921e-17
5.17801e-17
6.6493e-17
1.08238e-16
1.14356e-16
1.12683e-16
6.96632e-17
4.8845e-17
4.59144e-17
4.04628e-17
3.68177e-17
3.50703e-17
3.35312e-17
3.27066e-17
3.21811e-17
3.18388e-17
3.16733e-17
3.15786e-17
3.15886e-17
3.16724e-17
3.18051e-17
3.19863e-17
3.23505e-17
3.21934e-17
3.19588e-17
3.18619e-17
3.17377e-17
3.16984e-17
3.17302e-17
3.18677e-17
3.21068e-17
3.25311e-17
3.32412e-17
3.41048e-17
3.53487e-17
3.71878e-17
4.03927e-17
4.30436e-17
4.92508e-17
4.97345e-17
4.989e-17
4.77385e-17
4.43053e-17
4.11553e-17
3.82368e-17
3.64934e-17
3.46741e-17
3.35101e-17
3.28e-17
3.22744e-17
3.19236e-17
3.17667e-17
3.16974e-17
3.17263e-17
3.1792e-17
3.1918e-17
3.21103e-17
3.2297e-17
3.22126e-17
3.20534e-17
3.18751e-17
3.17376e-17
3.17022e-17
3.16994e-17
3.17968e-17
3.20011e-17
3.24294e-17
3.29512e-17
3.37864e-17
3.49945e-17
3.67838e-17
3.90416e-17
4.15887e-17
4.59841e-17
5.01682e-17
4.99269e-17
4.90417e-17
4.40941e-17
4.12348e-17
3.91943e-17
3.67026e-17
3.51419e-17
3.37003e-17
3.30709e-17
3.2384e-17
3.20075e-17
3.18022e-17
3.17138e-17
3.16918e-17
3.17346e-17
3.18714e-17
3.2048e-17
3.2185e-17
3.28091e-17
3.25713e-17
3.23798e-17
3.2193e-17
3.20873e-17
3.1899e-17
3.18548e-17
3.18882e-17
3.20102e-17
3.22521e-17
3.26554e-17
3.33498e-17
3.42947e-17
3.53386e-17
3.652e-17
3.80312e-17
3.89885e-17
4.02682e-17
3.97192e-17
3.94251e-17
3.85713e-17
3.71006e-17
3.57771e-17
3.44535e-17
3.34566e-17
3.28824e-17
3.23632e-17
3.20651e-17
3.19037e-17
3.18498e-17
3.19108e-17
3.20074e-17
3.21535e-17
3.2442e-17
3.24874e-17
3.27609e-17
3.27127e-17
3.25345e-17
3.22269e-17
3.21339e-17
3.20046e-17
3.18733e-17
3.18506e-17
3.19502e-17
3.20997e-17
3.25018e-17
3.30265e-17
3.38103e-17
3.48863e-17
3.63221e-17
3.74273e-17
3.87843e-17
3.99838e-17
4.07527e-17
4.05234e-17
3.91522e-17
3.77745e-17
3.59913e-17
3.48816e-17
3.39205e-17
3.31666e-17
3.25389e-17
3.21465e-17
3.1983e-17
3.18427e-17
3.1871e-17
3.19522e-17
3.20983e-17
3.22543e-17
3.2418e-17
3.26648e-17
3.35024e-17
3.34559e-17
3.30924e-17
3.28673e-17
3.24632e-17
3.23251e-17
3.21201e-17
3.19922e-17
3.19814e-17
3.20961e-17
3.23261e-17
3.27139e-17
3.31721e-17
3.38034e-17
3.46328e-17
3.5218e-17
3.58707e-17
3.63973e-17
3.63988e-17
3.61127e-17
3.5467e-17
3.46779e-17
3.39288e-17
3.34637e-17
3.28046e-17
3.24507e-17
3.21202e-17
3.20006e-17
3.19674e-17
3.20668e-17
3.22547e-17
3.24542e-17
3.28178e-17
3.30714e-17
3.32393e-17
3.35146e-17
3.35054e-17
3.32706e-17
3.2972e-17
3.25637e-17
3.24158e-17
3.2154e-17
3.20192e-17
3.19667e-17
3.2036e-17
3.22119e-17
3.25224e-17
3.3063e-17
3.36108e-17
3.41852e-17
3.47799e-17
3.58936e-17
3.62684e-17
3.63124e-17
3.63872e-17
3.59114e-17
3.49583e-17
3.42192e-17
3.36061e-17
3.29426e-17
3.25579e-17
3.22299e-17
3.20269e-17
3.19677e-17
3.20341e-17
3.21706e-17
3.23151e-17
3.25658e-17
3.29126e-17
3.31941e-17
3.34441e-17
3.48803e-17
3.48448e-17
3.43418e-17
3.38522e-17
3.33742e-17
3.29768e-17
3.25946e-17
3.2197e-17
3.20662e-17
3.20021e-17
3.20885e-17
3.22438e-17
3.25778e-17
3.28189e-17
3.3345e-17
3.35947e-17
3.40957e-17
3.43542e-17
3.42546e-17
3.42228e-17
3.38343e-17
3.35071e-17
3.29944e-17
3.25797e-17
3.23141e-17
3.21151e-17
3.20245e-17
3.20244e-17
3.21481e-17
3.24547e-17
3.28089e-17
3.31807e-17
3.3775e-17
3.40931e-17
3.43939e-17
3.46269e-17
3.47933e-17
3.46009e-17
3.40859e-17
3.37199e-17
3.30382e-17
3.2665e-17
3.23503e-17
3.21349e-17
3.20214e-17
3.20338e-17
3.21212e-17
3.23806e-17
3.27433e-17
3.30845e-17
3.35647e-17
3.39466e-17
3.41536e-17
3.45034e-17
3.43521e-17
3.38401e-17
3.3576e-17
3.31649e-17
3.26259e-17
3.24077e-17
3.21891e-17
3.20459e-17
3.20091e-17
3.21228e-17
3.23281e-17
3.26113e-17
3.30554e-17
3.34826e-17
3.38273e-17
3.43861e-17
3.48247e-17
3.71213e-17
3.71191e-17
3.5954e-17
3.56412e-17
3.49161e-17
3.41411e-17
3.30725e-17
3.26422e-17
3.22559e-17
3.20647e-17
3.19516e-17
3.19774e-17
3.20449e-17
3.22532e-17
3.24729e-17
3.28264e-17
3.29694e-17
3.3341e-17
3.3264e-17
3.29927e-17
3.28704e-17
3.25772e-17
3.23513e-17
3.21307e-17
3.19994e-17
3.19409e-17
3.20134e-17
3.22045e-17
3.24807e-17
3.29938e-17
3.38365e-17
3.43649e-17
3.53656e-17
3.58893e-17
3.66283e-17
3.71534e-17
3.70228e-17
3.65923e-17
3.58086e-17
3.48943e-17
3.42212e-17
3.34187e-17
3.27738e-17
3.23732e-17
3.21276e-17
3.19881e-17
3.19642e-17
3.20345e-17
3.21988e-17
3.24014e-17
3.25785e-17
3.29345e-17
3.31681e-17
3.32462e-17
3.31919e-17
3.29032e-17
3.26813e-17
3.2423e-17
3.2158e-17
3.20381e-17
3.19527e-17
3.19677e-17
3.21018e-17
3.23517e-17
3.2753e-17
3.32981e-17
3.42146e-17
3.49752e-17
3.55116e-17
3.6939e-17
3.71044e-17
4.24777e-17
4.10013e-17
4.00292e-17
3.84033e-17
3.69227e-17
3.52633e-17
3.40942e-17
3.32603e-17
3.26496e-17
3.21973e-17
3.19479e-17
3.18303e-17
3.18192e-17
3.1852e-17
3.19543e-17
3.21841e-17
3.23369e-17
3.24769e-17
3.25773e-17
3.23862e-17
3.22077e-17
3.20833e-17
3.19203e-17
3.18566e-17
3.18131e-17
3.19038e-17
3.21697e-17
3.25052e-17
3.30533e-17
3.3804e-17
3.48991e-17
3.61961e-17
3.78232e-17
3.92837e-17
4.1487e-17
4.22784e-17
4.20099e-17
4.08907e-17
3.92193e-17
3.72806e-17
3.57718e-17
3.44999e-17
3.36538e-17
3.28348e-17
3.23666e-17
3.2052e-17
3.18389e-17
3.18004e-17
3.18776e-17
3.19666e-17
3.20808e-17
3.22853e-17
3.24969e-17
3.26031e-17
3.2517e-17
3.2255e-17
3.21045e-17
3.19832e-17
3.18484e-17
3.18162e-17
3.18608e-17
3.20213e-17
3.23744e-17
3.27071e-17
3.34873e-17
3.4515e-17
3.57854e-17
3.75006e-17
3.86859e-17
4.10363e-17
4.11236e-17
5.26623e-17
5.11148e-17
4.93827e-17
4.42876e-17
4.02569e-17
3.74531e-17
3.55484e-17
3.41968e-17
3.30941e-17
3.24848e-17
3.20382e-17
3.17904e-17
3.16918e-17
3.16529e-17
3.17226e-17
3.18287e-17
3.19495e-17
3.21739e-17
3.21838e-17
3.20415e-17
3.18823e-17
3.17085e-17
3.16977e-17
3.16761e-17
3.17549e-17
3.19614e-17
3.22482e-17
3.28045e-17
3.37185e-17
3.4938e-17
3.65791e-17
3.9428e-17
4.27855e-17
4.83403e-17
5.18989e-17
5.19395e-17
5.37139e-17
5.13134e-17
4.62457e-17
4.17803e-17
3.80782e-17
3.6137e-17
3.46173e-17
3.34275e-17
3.26041e-17
3.21714e-17
3.18827e-17
3.1713e-17
3.16612e-17
3.16762e-17
3.17739e-17
3.1908e-17
3.20883e-17
3.22631e-17
3.20804e-17
3.19041e-17
3.17611e-17
3.17015e-17
3.16599e-17
3.16966e-17
3.18609e-17
3.21564e-17
3.26237e-17
3.34553e-17
3.4429e-17
3.59866e-17
3.83339e-17
4.12649e-17
4.54417e-17
4.97134e-17
5.35653e-17
1.70161e-16
1.5366e-16
8.49746e-17
5.80459e-17
4.69877e-17
4.05947e-17
3.7285e-17
3.51411e-17
3.3776e-17
3.28116e-17
3.2259e-17
3.1857e-17
3.16496e-17
3.15722e-17
3.15554e-17
3.16435e-17
3.17591e-17
3.19483e-17
3.20643e-17
3.18279e-17
3.16657e-17
3.15792e-17
3.1553e-17
3.16267e-17
3.17708e-17
3.20779e-17
3.2624e-17
3.34089e-17
3.44851e-17
3.63941e-17
3.99522e-17
4.3817e-17
5.16183e-17
7.17006e-17
1.46688e-16
1.63111e-16
1.5728e-16
1.22043e-16
6.2214e-17
5.18e-17
4.19348e-17
3.81922e-17
3.60499e-17
3.4223e-17
3.29554e-17
3.25088e-17
3.19503e-17
3.17351e-17
3.15933e-17
3.15543e-17
3.16094e-17
3.16921e-17
3.18871e-17
3.21595e-17
3.19035e-17
3.17202e-17
3.15971e-17
3.15528e-17
3.15834e-17
3.1695e-17
3.19383e-17
3.24489e-17
3.30755e-17
3.40023e-17
3.58771e-17
3.83271e-17
4.26899e-17
4.88739e-17
6.05825e-17
1.09907e-16
1.58159e-16
1.85999e-16
1.82609e-16
1.725e-16
1.54938e-16
6.47499e-17
4.6769e-17
3.99148e-17
3.6346e-17
3.42834e-17
3.31429e-17
3.24466e-17
3.19665e-17
3.17053e-17
3.15677e-17
3.15328e-17
3.1588e-17
3.17124e-17
3.19488e-17
3.20113e-17
3.17909e-17
3.16193e-17
3.15419e-17
3.15405e-17
3.16328e-17
3.18343e-17
3.22809e-17
3.29255e-17
3.40774e-17
3.55305e-17
3.90005e-17
4.22585e-17
5.23361e-17
1.17356e-16
1.74527e-16
1.75138e-16
1.83113e-16
1.81776e-16
1.7484e-16
1.65855e-16
8.42995e-17
5.01778e-17
4.1429e-17
3.69702e-17
3.49726e-17
3.35906e-17
3.27126e-17
3.213e-17
3.17843e-17
3.15964e-17
3.15337e-17
3.1555e-17
3.16553e-17
3.18519e-17
3.21464e-17
3.1898e-17
3.16626e-17
3.1563e-17
3.15296e-17
3.15803e-17
3.17646e-17
3.20998e-17
3.26978e-17
3.36489e-17
3.48257e-17
3.69707e-17
4.1509e-17
5.02466e-17
7.40421e-17
1.74213e-16
1.74241e-16
1.80326e-16
1.98271e-16
1.96084e-16
1.87598e-16
1.78227e-16
1.60277e-16
5.50066e-17
4.20996e-17
3.79037e-17
3.50431e-17
3.35375e-17
3.2726e-17
3.22061e-17
3.18093e-17
3.16205e-17
3.15782e-17
3.16431e-17
3.17508e-17
3.20309e-17
3.20783e-17
3.18303e-17
3.16718e-17
3.15908e-17
3.16012e-17
3.17005e-17
3.19799e-17
3.24514e-17
3.33521e-17
3.45444e-17
3.68302e-17
4.09142e-17
5.06706e-17
1.11837e-16
1.7192e-16
1.84228e-16
1.93536e-16
2.00966e-16
1.95897e-16
1.92286e-16
1.83225e-16
1.61654e-16
7.43411e-17
4.51835e-17
3.96555e-17
3.62611e-17
3.40021e-17
3.29128e-17
3.23508e-17
3.18957e-17
3.17054e-17
3.15771e-17
3.16139e-17
3.17115e-17
3.1914e-17
3.22816e-17
3.19178e-17
3.17274e-17
3.15996e-17
3.15855e-17
3.16838e-17
3.18288e-17
3.22555e-17
3.28836e-17
3.40814e-17
3.60875e-17
3.89161e-17
4.6989e-17
5.85298e-17
1.66556e-16
1.8224e-16
1.90241e-16
2.00901e-16
2.1583e-16
2.10168e-16
2.00548e-16
1.87072e-16
1.76579e-16
6.90408e-17
4.64565e-17
3.94897e-17
3.58501e-17
3.40267e-17
3.30345e-17
3.23143e-17
3.19248e-17
3.17486e-17
3.17008e-17
3.17664e-17
3.19258e-17
3.21473e-17
3.22905e-17
3.19793e-17
3.18005e-17
3.17105e-17
3.17218e-17
3.1852e-17
3.21582e-17
3.27012e-17
3.3655e-17
3.50258e-17
3.76189e-17
4.31656e-17
5.71325e-17
1.6242e-16
1.82431e-16
1.96486e-16
2.08594e-16
2.15042e-16
2.12623e-16
2.04678e-16
1.90957e-16
1.77275e-16
1.09765e-16
5.03922e-17
4.07389e-17
3.65493e-17
3.45999e-17
3.33163e-17
3.24786e-17
3.2028e-17
3.18051e-17
3.17188e-17
3.17107e-17
3.18384e-17
3.20636e-17
3.23687e-17
3.2094e-17
3.18767e-17
3.17434e-17
3.17012e-17
3.18123e-17
3.2001e-17
3.25106e-17
3.3221e-17
3.44938e-17
3.67623e-17
4.05742e-17
5.01217e-17
1.09415e-16
1.75257e-16
1.91148e-16
2.04936e-16
2.12324e-16
2.24122e-16
2.19476e-16
2.10088e-16
1.92649e-16
1.72563e-16
1.14421e-16
4.87267e-17
4.02594e-17
3.60929e-17
3.44341e-17
3.31284e-17
3.24727e-17
3.2125e-17
3.19865e-17
3.19481e-17
3.20144e-17
3.21311e-17
3.24401e-17
3.26356e-17
3.22397e-17
3.20268e-17
3.19482e-17
3.19323e-17
3.20576e-17
3.23666e-17
3.29132e-17
3.38155e-17
3.52262e-17
3.83067e-17
4.45047e-17
6.54985e-17
1.69038e-16
1.84112e-16
2.04495e-16
2.17521e-16
2.2419e-16
2.22744e-16
2.13397e-16
1.99643e-16
1.81169e-16
1.64227e-16
5.06057e-17
4.32427e-17
3.74006e-17
3.48158e-17
3.34373e-17
3.26571e-17
3.21961e-17
3.20023e-17
3.18885e-17
3.19382e-17
3.2074e-17
3.23611e-17
3.26754e-17
3.23168e-17
3.20978e-17
3.1986e-17
3.1928e-17
3.19973e-17
3.22112e-17
3.26296e-17
3.3461e-17
3.46604e-17
3.70861e-17
4.12194e-17
5.19183e-17
1.57433e-16
1.7921e-16
2.00354e-16
2.13396e-16
2.2239e-16
