2.41066e-17
2.41943e-17
2.4341e-17
2.45835e-17
2.48492e-17
2.51649e-17
2.5507e-17
2.578e-17
2.6011e-17
2.62657e-17
2.64343e-17
2.65616e-17
2.6648e-17
2.66765e-17
2.66785e-17
2.66264e-17
2.65578e-17
2.64501e-17
2.63964e-17
2.6529e-17
2.66036e-17
2.66546e-17
2.66806e-17
2.66611e-17
2.65971e-17
2.64866e-17
2.63326e-17
2.6101e-17
2.58809e-17
2.56028e-17
2.52783e-17
2.49457e-17
2.46657e-17
2.44281e-17
2.42222e-17
2.4124e-17
2.41543e-17
2.42871e-17
2.44815e-17
2.47603e-17
2.50688e-17
2.53741e-17
2.56676e-17
2.59562e-17
2.61768e-17
2.63789e-17
2.65392e-17
2.66214e-17
2.66802e-17
2.66762e-17
2.66567e-17
2.65722e-17
2.64871e-17
2.63865e-17
2.64674e-17
2.65792e-17
2.66464e-17
2.6677e-17
2.66734e-17
2.66301e-17
2.65349e-17
2.64002e-17
2.62052e-17
2.59601e-17
2.56952e-17
2.536e-17
2.50854e-17
2.47752e-17
2.45045e-17
2.4298e-17
2.41466e-17
2.41743e-17
2.42655e-17
2.44148e-17
2.46572e-17
2.49153e-17
2.52062e-17
2.55591e-17
2.58416e-17
2.60943e-17
2.63223e-17
2.65151e-17
2.66418e-17
2.6734e-17
2.67708e-17
2.67793e-17
2.67388e-17
2.66697e-17
2.65579e-17
2.65348e-17
2.66394e-17
2.67218e-17
2.6775e-17
2.67772e-17
2.67467e-17
2.66724e-17
2.65645e-17
2.64075e-17
2.61877e-17
2.59525e-17
2.5668e-17
2.53348e-17
2.50388e-17
2.47601e-17
2.44998e-17
2.42934e-17
2.41968e-17
2.42157e-17
2.43521e-17
2.45614e-17
2.48636e-17
2.51049e-17
2.54656e-17
2.57197e-17
2.60242e-17
2.62644e-17
2.64589e-17
2.6595e-17
2.6706e-17
2.67584e-17
2.67773e-17
2.67585e-17
2.66986e-17
2.66147e-17
2.64996e-17
2.65981e-17
2.66969e-17
2.6753e-17
2.67804e-17
2.67604e-17
2.67057e-17
2.6616e-17
2.64629e-17
2.62722e-17
2.60492e-17
2.57677e-17
2.54555e-17
2.51383e-17
2.48596e-17
2.45596e-17
2.43628e-17
2.42229e-17
2.43581e-17
2.44109e-17
2.45762e-17
2.47854e-17
2.50631e-17
2.5343e-17
2.56531e-17
2.59187e-17
2.6203e-17
2.64054e-17
2.65741e-17
2.67144e-17
2.67991e-17
2.68467e-17
2.68452e-17
2.68198e-17
2.67563e-17
2.66489e-17
2.66277e-17
2.67257e-17
2.68071e-17
2.68373e-17
2.68514e-17
2.68195e-17
2.67466e-17
2.66401e-17
2.64764e-17
2.62669e-17
2.6016e-17
2.5728e-17
2.54395e-17
2.51471e-17
2.48949e-17
2.46324e-17
2.4456e-17
2.43584e-17
2.43902e-17
2.45138e-17
2.47016e-17
2.49511e-17
2.5267e-17
2.54993e-17
2.5835e-17
2.60937e-17
2.63329e-17
2.6527e-17
2.66812e-17
2.67817e-17
2.68385e-17
2.68533e-17
2.68341e-17
2.67839e-17
2.66994e-17
2.65818e-17
2.6682e-17
2.67845e-17
2.68228e-17
2.68556e-17
2.68356e-17
2.6771e-17
2.6674e-17
2.65443e-17
2.63511e-17
2.61187e-17
2.58601e-17
2.55525e-17
2.52312e-17
2.49812e-17
2.47082e-17
2.4536e-17
2.43954e-17
2.45741e-17
2.4625e-17
2.47844e-17
2.50063e-17
2.52398e-17
2.55043e-17
2.57967e-17
2.60418e-17
2.62938e-17
2.648e-17
2.66558e-17
2.67716e-17
2.68541e-17
2.68949e-17
2.68999e-17
2.68658e-17
2.68134e-17
2.67196e-17
2.66741e-17
2.67824e-17
2.68531e-17
2.68906e-17
2.68976e-17
2.68783e-17
2.68126e-17
2.6709e-17
2.65727e-17
2.63456e-17
2.61298e-17
2.58841e-17
2.56128e-17
2.53204e-17
2.50443e-17
2.48386e-17
2.46954e-17
2.45874e-17
2.46201e-17
2.47312e-17
2.48913e-17
2.51464e-17
2.54189e-17
2.56687e-17
2.59577e-17
2.62078e-17
2.64232e-17
2.65962e-17
2.67351e-17
2.68219e-17
2.68816e-17
2.69003e-17
2.68824e-17
2.68273e-17
2.67523e-17
2.66554e-17
2.67493e-17
2.68272e-17
2.68821e-17
2.69007e-17
2.68856e-17
2.68341e-17
2.67465e-17
2.66112e-17
2.64305e-17
2.62323e-17
2.5999e-17
2.57101e-17
2.53962e-17
2.5154e-17
2.49071e-17
2.47356e-17
2.46077e-17
2.48337e-17
2.48994e-17
2.50622e-17
2.52094e-17
2.5467e-17
2.56955e-17
2.59491e-17
2.61887e-17
2.63891e-17
2.65934e-17
2.67126e-17
2.68309e-17
2.68855e-17
2.69205e-17
2.69163e-17
2.68874e-17
2.68286e-17
2.67515e-17
2.67121e-17
2.67958e-17
2.68713e-17
2.69088e-17
2.69231e-17
2.69057e-17
2.6852e-17
2.67595e-17
2.66384e-17
2.6471e-17
2.62768e-17
2.60259e-17
2.57775e-17
2.55368e-17
2.5282e-17
2.51115e-17
2.49333e-17
2.48647e-17
2.4887e-17
2.49979e-17
2.51856e-17
2.53627e-17
2.56022e-17
2.58453e-17
2.60861e-17
2.63275e-17
2.65381e-17
2.66923e-17
2.67904e-17
2.6875e-17
2.6914e-17
2.69226e-17
2.69017e-17
2.68552e-17
2.6777e-17
2.66698e-17
2.67747e-17
2.68475e-17
2.68981e-17
2.69228e-17
2.69161e-17
2.68681e-17
2.68004e-17
2.66821e-17
2.65265e-17
2.63383e-17
2.6115e-17
2.5871e-17
2.56456e-17
2.53707e-17
2.51665e-17
2.50177e-17
2.48971e-17
2.51512e-17
2.52142e-17
2.53493e-17
2.54984e-17
2.56991e-17
2.59113e-17
2.61472e-17
2.63404e-17
2.65293e-17
2.66554e-17
2.67796e-17
2.68593e-17
2.69037e-17
2.69205e-17
2.69118e-17
2.68675e-17
2.68069e-17
2.67346e-17
2.67012e-17
2.67857e-17
2.68538e-17
2.68966e-17
2.69192e-17
2.69143e-17
2.68774e-17
2.681e-17
2.66986e-17
2.65581e-17
2.64033e-17
2.61917e-17
2.59722e-17
2.57689e-17
2.56076e-17
2.54048e-17
2.52603e-17
2.51772e-17
2.51786e-17
2.52525e-17
2.54444e-17
2.56174e-17
2.57941e-17
2.60467e-17
2.6241e-17
2.64269e-17
2.66139e-17
2.67415e-17
2.68316e-17
2.68882e-17
2.69181e-17
2.6913e-17
2.68852e-17
2.68275e-17
2.67642e-17
2.66714e-17
2.67592e-17
2.68315e-17
2.6886e-17
2.69154e-17
2.69172e-17
2.68948e-17
2.68333e-17
2.67418e-17
2.66222e-17
2.64582e-17
2.62698e-17
2.60466e-17
2.58432e-17
2.56463e-17
2.54447e-17
2.53282e-17
2.52009e-17
2.54916e-17
2.55545e-17
2.56406e-17
2.57614e-17
2.59374e-17
2.61248e-17
2.62971e-17
2.64591e-17
2.66077e-17
2.67218e-17
2.68131e-17
2.68664e-17
2.68908e-17
2.68898e-17
2.68657e-17
2.68225e-17
2.67558e-17
2.66809e-17
2.6649e-17
2.67295e-17
2.67996e-17
2.68561e-17
2.68823e-17
2.68916e-17
2.68819e-17
2.68344e-17
2.6758e-17
2.66598e-17
2.65183e-17
2.6352e-17
2.617e-17
2.60076e-17
2.5837e-17
2.57117e-17
2.55837e-17
2.54861e-17
2.5505e-17
2.56065e-17
2.57481e-17
2.58897e-17
2.60474e-17
2.6262e-17
2.63947e-17
2.65647e-17
2.66871e-17
2.67871e-17
2.68509e-17
2.68874e-17
2.68942e-17
2.68737e-17
2.68336e-17
2.67769e-17
2.67079e-17
2.66243e-17
2.67066e-17
2.67737e-17
2.68335e-17
2.68676e-17
2.68944e-17
2.68884e-17
2.68525e-17
2.67916e-17
2.67026e-17
2.65663e-17
2.64026e-17
2.6252e-17
2.60761e-17
2.5901e-17
2.57325e-17
2.56039e-17
2.55327e-17
2.57747e-17
2.58581e-17
2.59267e-17
2.6056e-17
2.61696e-17
2.63285e-17
2.64701e-17
2.65954e-17
2.67017e-17
2.67854e-17
2.68301e-17
2.68495e-17
2.68482e-17
2.68233e-17
2.6772e-17
2.67235e-17
2.66631e-17
2.65888e-17
2.65565e-17
2.6633e-17
2.66998e-17
2.67655e-17
2.68097e-17
2.68475e-17
2.68544e-17
2.68407e-17
2.68042e-17
2.6738e-17
2.66473e-17
2.65046e-17
2.6392e-17
2.62316e-17
2.61007e-17
2.59766e-17
2.58393e-17
2.57911e-17
2.58061e-17
2.5903e-17
2.60181e-17
2.61267e-17
2.6249e-17
2.64221e-17
2.65419e-17
2.66766e-17
2.67574e-17
2.68181e-17
2.68501e-17
2.68558e-17
2.6834e-17
2.6799e-17
2.67351e-17
2.66786e-17
2.66112e-17
2.65362e-17
2.66032e-17
2.6678e-17
2.67464e-17
2.67906e-17
2.683e-17
2.68547e-17
2.68477e-17
2.68188e-17
2.675e-17
2.66767e-17
2.65557e-17
2.64455e-17
2.62748e-17
2.61445e-17
2.60106e-17
2.58871e-17
2.58122e-17
2.60585e-17
2.61065e-17
2.62044e-17
2.62969e-17
2.64127e-17
2.6514e-17
2.66149e-17
2.66964e-17
2.67742e-17
2.68087e-17
2.6823e-17
2.68103e-17
2.67813e-17
2.67211e-17
2.66581e-17
2.65935e-17
2.65204e-17
2.64312e-17
2.6399e-17
2.65037e-17
2.65434e-17
2.66282e-17
2.67127e-17
2.6753e-17
2.6802e-17
2.68224e-17
2.68176e-17
2.67882e-17
2.67182e-17
2.66447e-17
2.65592e-17
2.645e-17
2.63225e-17
2.62018e-17
2.61301e-17
2.606e-17
2.60886e-17
2.61741e-17
2.62436e-17
2.63472e-17
2.64543e-17
2.65677e-17
2.66714e-17
2.67464e-17
2.67955e-17
2.68213e-17
2.68188e-17
2.67823e-17
2.67384e-17
2.66931e-17
2.65947e-17
2.65426e-17
2.64737e-17
2.63805e-17
2.64611e-17
2.65514e-17
2.66005e-17
2.6679e-17
2.67402e-17
2.67896e-17
2.68192e-17
2.68226e-17
2.67958e-17
2.67524e-17
2.66756e-17
2.65763e-17
2.64878e-17
2.63658e-17
2.62589e-17
2.61689e-17
2.60796e-17
2.62658e-17
2.63353e-17
2.64132e-17
2.64997e-17
2.65916e-17
2.6672e-17
2.67168e-17
2.67778e-17
2.68097e-17
2.68104e-17
2.67831e-17
2.67382e-17
2.66708e-17
2.66043e-17
2.64961e-17
2.64149e-17
2.63062e-17
2.62412e-17
2.62168e-17
2.62977e-17
2.63665e-17
2.64514e-17
2.6562e-17
2.66589e-17
2.67213e-17
2.67788e-17
2.68034e-17
2.68131e-17
2.67929e-17
2.6751e-17
2.66903e-17
2.66018e-17
2.65172e-17
2.64403e-17
2.63576e-17
2.62971e-17
2.63059e-17
2.63754e-17
2.64509e-17
2.65363e-17
2.66249e-17
2.67049e-17
2.67651e-17
2.68043e-17
2.68136e-17
2.67961e-17
2.67597e-17
2.66949e-17
2.66193e-17
2.65315e-17
2.64375e-17
2.63456e-17
2.62918e-17
2.62098e-17
2.62611e-17
2.63532e-17
2.64246e-17
2.65324e-17
2.66257e-17
2.66987e-17
2.67509e-17
2.67959e-17
2.68136e-17
2.68024e-17
2.67692e-17
2.67111e-17
2.66325e-17
2.65416e-17
2.64621e-17
2.63968e-17
2.63075e-17
2.64465e-17
2.64935e-17
2.65899e-17
2.66507e-17
2.67133e-17
2.67718e-17
2.68116e-17
2.68301e-17
2.68236e-17
2.67861e-17
2.6737e-17
2.66314e-17
2.65263e-17
2.64161e-17
2.62971e-17
2.61657e-17
2.60656e-17
2.60069e-17
2.60044e-17
2.60437e-17
2.61397e-17
2.62434e-17
2.63594e-17
2.64798e-17
2.66086e-17
2.66991e-17
2.6765e-17
2.68167e-17
2.68332e-17
2.6822e-17
2.67885e-17
2.6749e-17
2.66798e-17
2.66063e-17
2.65365e-17
2.64561e-17
2.64857e-17
2.65562e-17
2.66348e-17
2.67004e-17
2.67644e-17
2.68047e-17
2.68276e-17
2.68285e-17
2.68025e-17
2.67547e-17
2.6666e-17
2.65713e-17
2.64424e-17
2.63511e-17
2.62399e-17
2.61183e-17
2.60211e-17
2.59613e-17
2.60306e-17
2.60842e-17
2.62109e-17
2.63359e-17
2.64452e-17
2.65669e-17
2.66687e-17
2.67488e-17
2.67941e-17
2.68278e-17
2.68308e-17
2.68037e-17
2.67526e-17
2.6714e-17
2.66398e-17
2.65655e-17
2.64887e-17
2.6567e-17
2.66365e-17
2.6718e-17
2.67809e-17
2.68221e-17
2.6851e-17
2.68681e-17
2.68556e-17
2.68154e-17
2.67379e-17
2.663e-17
2.65118e-17
2.63823e-17
2.62091e-17
2.60792e-17
2.59204e-17
2.57831e-17
2.57138e-17
2.57079e-17
2.57691e-17
2.58579e-17
2.60355e-17
2.61741e-17
2.63108e-17
2.64622e-17
2.65938e-17
2.67229e-17
2.67949e-17
2.68416e-17
2.68656e-17
2.68611e-17
2.68406e-17
2.67935e-17
2.67342e-17
2.66773e-17
2.65929e-17
2.66181e-17
2.66892e-17
2.67543e-17
2.68112e-17
2.68482e-17
2.68663e-17
2.6863e-17
2.683e-17
2.67662e-17
2.66752e-17
2.65818e-17
2.6404e-17
2.62595e-17
2.6113e-17
2.59507e-17
2.5803e-17
2.57401e-17
2.56395e-17
2.57618e-17
2.58561e-17
2.59682e-17
2.60987e-17
2.62607e-17
2.6409e-17
2.65446e-17
2.66719e-17
2.67705e-17
2.68298e-17
2.68579e-17
2.68697e-17
2.68495e-17
2.68113e-17
2.67532e-17
2.66861e-17
2.66225e-17
2.66472e-17
2.67221e-17
2.67982e-17
2.68523e-17
2.68884e-17
2.69051e-17
2.68908e-17
2.68504e-17
2.67735e-17
2.66714e-17
2.65276e-17
2.63828e-17
2.61866e-17
2.59875e-17
2.57806e-17
2.56471e-17
2.55216e-17
2.5422e-17
2.53962e-17
2.54889e-17
2.56088e-17
2.57678e-17
2.59244e-17
2.61329e-17
2.63097e-17
2.64707e-17
2.66343e-17
2.67473e-17
2.68299e-17
2.68799e-17
2.69009e-17
2.6899e-17
2.68679e-17
2.6817e-17
2.67477e-17
2.66731e-17
2.66995e-17
2.6776e-17
2.6832e-17
2.68791e-17
2.69019e-17
2.69014e-17
2.68689e-17
2.6806e-17
2.6709e-17
2.65953e-17
2.64269e-17
2.62546e-17
2.60672e-17
2.58619e-17
2.5689e-17
2.55363e-17
2.54384e-17
2.53764e-17
2.54478e-17
2.5543e-17
2.57047e-17
2.58693e-17
2.60472e-17
2.62541e-17
2.64403e-17
2.65735e-17
2.67041e-17
2.6786e-17
2.68624e-17
2.69013e-17
2.69042e-17
2.68831e-17
2.68416e-17
2.67838e-17
2.67034e-17
2.66757e-17
2.67696e-17
2.68476e-17
2.68945e-17
2.69203e-17
2.69161e-17
2.6887e-17
2.68272e-17
2.67178e-17
2.65976e-17
2.64052e-17
2.62325e-17
2.60078e-17
2.57709e-17
2.55566e-17
2.53313e-17
2.52173e-17
2.51286e-17
2.50836e-17
2.51443e-17
2.53018e-17
2.54685e-17
2.57035e-17
2.59063e-17
2.61357e-17
2.63371e-17
2.65478e-17
2.66847e-17
2.67893e-17
2.68687e-17
2.69095e-17
2.69235e-17
2.69039e-17
2.68598e-17
2.6796e-17
2.67098e-17
2.67376e-17
2.68202e-17
2.68767e-17
2.69155e-17
2.69212e-17
2.69088e-17
2.68487e-17
2.67556e-17
2.66412e-17
2.64775e-17
2.62766e-17
2.60736e-17
2.58538e-17
2.56156e-17
2.54181e-17
2.52308e-17
2.51321e-17
2.50696e-17
2.51207e-17
2.52175e-17
2.54207e-17
2.56293e-17
2.58386e-17
2.6074e-17
2.62796e-17
2.64692e-17
2.66389e-17
2.67483e-17
2.68519e-17
2.69006e-17
2.69239e-17
2.69141e-17
2.68842e-17
2.6824e-17
2.67459e-17
2.66598e-17
2.67687e-17
2.6844e-17
2.6897e-17
2.69193e-17
2.69115e-17
2.68615e-17
2.6778e-17
2.66594e-17
2.64998e-17
2.62921e-17
2.60858e-17
2.57991e-17
2.55543e-17
2.5309e-17
2.50934e-17
2.49254e-17
2.47902e-17
2.4786e-17
2.48604e-17
2.50225e-17
2.52316e-17
2.54837e-17
2.5693e-17
2.60071e-17
2.62083e-17
2.64245e-17
2.66178e-17
2.67404e-17
2.68321e-17
2.68979e-17
2.69206e-17
2.69087e-17
2.6871e-17
2.68011e-17
2.67092e-17
2.6737e-17
2.68209e-17
2.68833e-17
2.69145e-17
2.69147e-17
2.68864e-17
2.68121e-17
2.67029e-17
2.65482e-17
2.6365e-17
2.61557e-17
2.59214e-17
2.56266e-17
2.53857e-17
2.51366e-17
2.49845e-17
2.48355e-17
2.47573e-17
2.48175e-17
2.49506e-17
2.51298e-17
2.53741e-17
2.56356e-17
2.58878e-17
2.61427e-17
2.63469e-17
2.65407e-17
2.67021e-17
2.68104e-17
2.68879e-17
2.69135e-17
2.69152e-17
2.68868e-17
2.68251e-17
2.67437e-17
2.66265e-17
2.67388e-17
2.68191e-17
2.68683e-17
2.68885e-17
2.68749e-17
2.68181e-17
2.67311e-17
2.6599e-17
2.64009e-17
2.61607e-17
2.59174e-17
2.56414e-17
2.53687e-17
2.5089e-17
2.48602e-17
2.46409e-17
2.45306e-17
2.45081e-17
2.46356e-17
2.47663e-17
2.49864e-17
2.5255e-17
2.5539e-17
2.58126e-17
2.61061e-17
2.63305e-17
2.65207e-17
2.66721e-17
2.67915e-17
2.68551e-17
2.68842e-17
2.68788e-17
2.68415e-17
2.67746e-17
2.66748e-17
2.67145e-17
2.68016e-17
2.68533e-17
2.68857e-17
2.6879e-17
2.68429e-17
2.6764e-17
2.6624e-17
2.64683e-17
2.62893e-17
2.60045e-17
2.57454e-17
2.54616e-17
2.51911e-17
2.49306e-17
2.47102e-17
2.45492e-17
2.44786e-17
2.45627e-17
2.46859e-17
2.48959e-17
2.51356e-17
2.5438e-17
2.57068e-17
2.6022e-17
2.62799e-17
2.64645e-17
2.66322e-17
2.67524e-17
2.68355e-17
2.68785e-17
2.68869e-17
2.6856e-17
2.67936e-17
2.67003e-17
2.65499e-17
2.66694e-17
2.6753e-17
2.6807e-17
2.68336e-17
2.6813e-17
2.67462e-17
2.66485e-17
2.6506e-17
2.63177e-17
2.60975e-17
2.58217e-17
2.54925e-17
2.52098e-17
2.49038e-17
2.46534e-17
2.44599e-17
2.43337e-17
2.42977e-17
2.44194e-17
2.45658e-17
2.48329e-17
2.50861e-17
2.54032e-17
2.57443e-17
2.59925e-17
2.6245e-17
2.64481e-17
2.6606e-17
2.67244e-17
2.67932e-17
2.68277e-17
2.68209e-17
2.67819e-17
2.66991e-17
2.65944e-17
2.66346e-17
2.67248e-17
2.67889e-17
2.68302e-17
2.68273e-17
2.67801e-17
2.66924e-17
2.65645e-17
2.63897e-17
2.61664e-17
2.59017e-17
2.56129e-17
2.52922e-17
2.50103e-17
2.47258e-17
2.45138e-17
2.43689e-17
2.43052e-17
2.4357e-17
2.45164e-17
2.47091e-17
2.49762e-17
2.52821e-17
2.56158e-17
2.5897e-17
2.61808e-17
2.63621e-17
2.65679e-17
2.66877e-17
2.67771e-17
2.68216e-17
2.68217e-17
2.67925e-17
2.67355e-17
2.66536e-17
2.6461e-17
2.65676e-17
2.66554e-17
2.67101e-17
2.67442e-17
2.67307e-17
2.66796e-17
2.65852e-17
2.64289e-17
2.6239e-17
2.60033e-17
2.57228e-17
2.54217e-17
2.50832e-17
2.47908e-17
2.45324e-17
2.43239e-17
2.418e-17
2.41646e-17
2.4266e-17
2.443e-17
2.46866e-17
2.50025e-17
2.52882e-17
2.56186e-17
2.58919e-17
2.61627e-17
2.63678e-17
2.65328e-17
2.66514e-17
2.67162e-17
2.67475e-17
2.67368e-17
2.66872e-17
2.66041e-17
2.6514e-17
2.653e-17
2.6625e-17
2.67041e-17
2.67459e-17
2.67439e-17
2.67079e-17
2.66132e-17
2.64871e-17
2.6318e-17
2.60867e-17
2.58038e-17
2.55155e-17
2.52241e-17
2.48859e-17
2.46342e-17
2.43961e-17
2.42196e-17
2.4145e-17
2.42195e-17
2.43802e-17
2.46107e-17
2.48946e-17
2.51698e-17
2.55273e-17
2.58047e-17
2.60781e-17
2.63019e-17
2.64798e-17
2.66181e-17
2.67045e-17
2.67394e-17
2.67469e-17
2.6707e-17
2.66258e-17
2.65435e-17
2.64141e-17
2.65357e-17
2.66269e-17
2.66852e-17
2.67161e-17
2.67026e-17
2.66384e-17
2.65559e-17
2.64286e-17
2.62123e-17
2.59744e-17
2.56913e-17
2.54047e-17
2.5078e-17
2.47656e-17
2.45121e-17
2.42978e-17
2.41629e-17
2.41447e-17
2.42413e-17
2.44248e-17
2.46838e-17
2.49717e-17
2.5295e-17
2.5581e-17
2.58789e-17
2.61387e-17
2.63522e-17
2.65122e-17
2.66197e-17
2.66767e-17
2.67091e-17
2.66846e-17
2.6648e-17
2.65672e-17
2.64562e-17
2.65053e-17
2.65906e-17
2.66633e-17
2.67071e-17
2.67144e-17
2.66757e-17
2.65928e-17
2.64655e-17
2.62884e-17
2.60701e-17
2.58117e-17
2.55163e-17
2.51968e-17
2.48898e-17
2.46192e-17
2.43789e-17
2.4196e-17
2.41266e-17
2.41933e-17
2.43638e-17
2.46018e-17
2.48645e-17
2.5187e-17
2.54988e-17
2.57768e-17
2.6088e-17
2.62873e-17
2.64585e-17
2.65926e-17
2.66639e-17
2.67111e-17
2.6713e-17
2.66689e-17
2.6603e-17
2.64881e-17
2.6516e-17
2.66404e-17
2.67262e-17
2.67794e-17
2.68029e-17
2.67903e-17
2.67328e-17
2.66226e-17
2.64775e-17
2.62931e-17
2.60483e-17
2.57695e-17
2.54552e-17
2.51744e-17
2.48605e-17
2.4609e-17
2.43925e-17
2.42593e-17
2.42406e-17
2.43388e-17
2.45326e-17
2.47539e-17
2.50588e-17
2.53559e-17
2.56664e-17
2.59402e-17
2.62091e-17
2.64233e-17
2.65814e-17
2.66864e-17
2.67746e-17
2.68071e-17
2.67892e-17
2.67464e-17
2.66781e-17
2.65764e-17
2.66119e-17
2.66865e-17
2.67681e-17
2.68018e-17
2.68016e-17
2.67517e-17
2.66869e-17
2.65325e-17
2.63604e-17
2.61415e-17
2.58445e-17
2.55774e-17
2.5274e-17
2.49491e-17
2.46564e-17
2.44525e-17
2.43114e-17
2.42326e-17
2.43005e-17
2.44451e-17
2.46857e-17
2.49533e-17
2.5251e-17
2.5582e-17
2.58483e-17
2.61008e-17
2.63534e-17
2.65271e-17
2.66505e-17
2.67547e-17
2.67952e-17
2.68004e-17
2.67604e-17
2.67088e-17
2.6602e-17
2.66005e-17
2.67253e-17
2.67993e-17
2.68491e-17
2.6874e-17
2.68537e-17
2.67961e-17
2.66942e-17
2.65778e-17
2.63661e-17
2.6128e-17
2.58774e-17
2.5582e-17
2.52828e-17
2.49996e-17
2.47696e-17
2.45735e-17
2.44614e-17
2.44025e-17
2.45256e-17
2.4685e-17
2.49095e-17
2.51919e-17
2.5491e-17
2.57994e-17
2.60443e-17
2.62886e-17
2.64967e-17
2.66558e-17
2.67744e-17
2.68383e-17
2.68679e-17
2.68604e-17
2.68221e-17
2.67441e-17
2.66462e-17
2.6683e-17
2.67703e-17
2.68339e-17
2.68657e-17
2.6861e-17
2.68256e-17
2.67449e-17
2.66153e-17
2.64449e-17
2.6211e-17
2.599e-17
2.5662e-17
2.54236e-17
2.50962e-17
2.48538e-17
2.46453e-17
2.44899e-17
2.4406e-17
2.45023e-17
2.46135e-17
2.48384e-17
2.50725e-17
2.54045e-17
2.56901e-17
2.59574e-17
2.62172e-17
2.64389e-17
2.6598e-17
2.67328e-17
2.68184e-17
2.68616e-17
2.68696e-17
2.68375e-17
2.67799e-17
2.6694e-17
2.66628e-17
2.67598e-17
2.68402e-17
2.68894e-17
2.69107e-17
2.68987e-17
2.68498e-17
2.6755e-17
2.66256e-17
2.64704e-17
2.62581e-17
2.60061e-17
2.57523e-17
2.54481e-17
2.52053e-17
2.49874e-17
2.48035e-17
2.46846e-17
2.46818e-17
2.47549e-17
2.49114e-17
2.51682e-17
2.54013e-17
2.56631e-17
2.59213e-17
2.61788e-17
2.63909e-17
2.65879e-17
2.67081e-17
2.68286e-17
2.68842e-17
2.69121e-17
2.68999e-17
2.68616e-17
2.67927e-17
2.66989e-17
2.67314e-17
2.68227e-17
2.68777e-17
2.69083e-17
2.69054e-17
2.68708e-17
2.67886e-17
2.66682e-17
2.65377e-17
2.63178e-17
2.60995e-17
2.58475e-17
2.55615e-17
2.53214e-17
2.507e-17
2.48444e-17
2.47405e-17
2.46517e-17
2.47107e-17
2.48572e-17
2.50593e-17
2.52753e-17
2.55595e-17
2.58221e-17
2.6081e-17
2.63149e-17
2.64988e-17
2.66709e-17
2.67898e-17
2.68708e-17
2.69011e-17
2.69096e-17
2.68756e-17
2.68236e-17
2.67404e-17
2.66778e-17
2.6773e-17
2.6851e-17
2.69001e-17
2.69236e-17
2.69199e-17
2.68807e-17
2.6813e-17
2.67105e-17
2.65625e-17
2.63803e-17
2.6171e-17
2.59514e-17
2.57206e-17
2.5462e-17
2.52467e-17
2.50877e-17
2.49714e-17
2.49695e-17
2.50436e-17
2.51769e-17
2.53841e-17
2.56091e-17
2.58452e-17
2.60636e-17
2.63035e-17
2.64914e-17
2.66508e-17
2.6772e-17
2.6861e-17
2.691e-17
2.69259e-17
2.69072e-17
2.6873e-17
2.68044e-17
2.67126e-17
2.67399e-17
2.68232e-17
2.68836e-17
2.69178e-17
2.69239e-17
2.68987e-17
2.68397e-17
2.67413e-17
2.66062e-17
2.64277e-17
2.62304e-17
2.59858e-17
2.57708e-17
2.55463e-17
2.53146e-17
2.51502e-17
2.50032e-17
2.49613e-17
2.50222e-17
2.51164e-17
2.53021e-17
2.55373e-17
2.57747e-17
2.59778e-17
2.62268e-17
2.64257e-17
2.65974e-17
2.67426e-17
2.68387e-17
2.68981e-17
2.69239e-17
2.69193e-17
2.68874e-17
2.68315e-17
2.67467e-17
2.66614e-17
2.67522e-17
2.68192e-17
2.68756e-17
2.69065e-17
2.6911e-17
2.68932e-17
2.68425e-17
2.67651e-17
2.66411e-17
2.64752e-17
2.63073e-17
2.61212e-17
2.59181e-17
2.57091e-17
2.55385e-17
2.53915e-17
2.52771e-17
2.52956e-17
2.53591e-17
2.54827e-17
2.56594e-17
2.58489e-17
2.60486e-17
2.6263e-17
2.64198e-17
2.65888e-17
2.67262e-17
2.68163e-17
2.68805e-17
2.69094e-17
2.69114e-17
2.68876e-17
2.68434e-17
2.67708e-17
2.66952e-17
2.67135e-17
2.67962e-17
2.68654e-17
2.68966e-17
2.69121e-17
2.69064e-17
2.68646e-17
2.67977e-17
2.66903e-17
2.655e-17
2.63741e-17
2.62072e-17
2.59621e-17
2.57781e-17
2.55997e-17
2.54267e-17
2.5331e-17
2.52499e-17
2.53376e-17
2.54452e-17
2.55966e-17
2.5787e-17
2.59612e-17
2.61889e-17
2.63693e-17
2.65383e-17
2.66782e-17
2.67958e-17
2.68627e-17
2.69006e-17
2.69123e-17
2.68953e-17
2.68592e-17
2.67995e-17
2.67182e-17
2.65931e-17
2.66831e-17
2.67488e-17
2.68086e-17
2.68506e-17
2.68773e-17
2.68797e-17
2.68545e-17
2.6804e-17
2.67141e-17
2.66023e-17
2.64494e-17
2.62988e-17
2.61407e-17
2.59289e-17
2.58237e-17
2.56988e-17
2.56249e-17
2.55757e-17
2.5654e-17
2.57662e-17
2.59424e-17
2.60861e-17
2.62556e-17
2.63896e-17
2.65634e-17
2.66997e-17
2.67748e-17
2.6836e-17
2.68735e-17
2.68812e-17
2.68596e-17
2.68272e-17
2.67653e-17
2.67011e-17
2.66271e-17
2.66502e-17
2.67274e-17
2.67919e-17
2.68413e-17
2.6872e-17
2.68822e-17
2.68674e-17
2.6824e-17
2.67535e-17
2.66504e-17
2.65171e-17
2.63384e-17
2.618e-17
2.60317e-17
2.58694e-17
2.57137e-17
2.56445e-17
2.55797e-17
2.56329e-17
2.57181e-17
2.58688e-17
2.6013e-17
2.62278e-17
2.63443e-17
2.65212e-17
2.66436e-17
2.6748e-17
2.68179e-17
2.68624e-17
2.68825e-17
2.68715e-17
2.68422e-17
2.67964e-17
2.67274e-17
2.66581e-17
2.64869e-17
2.65567e-17
2.66384e-17
2.6708e-17
2.67649e-17
2.68071e-17
2.68394e-17
2.68458e-17
2.68184e-17
2.67696e-17
2.66893e-17
2.6596e-17
2.64776e-17
2.63478e-17
2.62178e-17
2.6114e-17
2.59932e-17
2.59258e-17
2.5874e-17
2.59613e-17
2.60571e-17
2.61906e-17
2.63022e-17
2.64359e-17
2.65517e-17
2.66668e-17
2.67451e-17
2.68067e-17
2.68351e-17
2.68421e-17
2.68187e-17
2.67826e-17
2.67191e-17
2.66575e-17
2.65974e-17
2.65193e-17
2.65528e-17
2.66013e-17
2.66861e-17
2.67403e-17
2.67939e-17
2.68252e-17
2.68445e-17
2.6832e-17
2.67927e-17
2.67218e-17
2.66461e-17
2.65164e-17
2.64117e-17
2.62672e-17
2.61194e-17
2.60171e-17
2.59253e-17
2.58939e-17
2.59221e-17
2.60256e-17
2.61096e-17
2.62443e-17
2.63909e-17
2.65152e-17
2.66284e-17
2.67201e-17
2.67912e-17
2.68296e-17
2.68421e-17
2.68217e-17
2.67942e-17
2.67442e-17
2.6685e-17
2.66142e-17
2.65376e-17
2.63258e-17
2.64014e-17
2.64928e-17
2.65747e-17
2.66418e-17
2.67113e-17
2.67653e-17
2.67986e-17
2.68161e-17
2.68046e-17
2.67699e-17
2.67055e-17
2.66317e-17
2.65369e-17
2.64355e-17
2.63106e-17
2.62391e-17
2.61679e-17
2.61462e-17
2.62006e-17
2.63192e-17
2.63891e-17
2.64791e-17
2.6582e-17
2.6679e-17
2.67507e-17
2.67976e-17
2.68161e-17
2.68057e-17
2.67718e-17
2.67214e-17
2.66677e-17
2.65922e-17
2.64974e-17
2.64221e-17
2.63438e-17
2.63811e-17
2.64509e-17
2.65202e-17
2.6608e-17
2.66844e-17
2.67409e-17
2.67929e-17
2.68147e-17
2.68141e-17
2.67818e-17
2.67278e-17
2.66522e-17
2.65671e-17
2.64546e-17
2.63571e-17
2.62754e-17
2.61794e-17
2.61356e-17
2.61712e-17
2.62633e-17
2.63493e-17
2.64583e-17
2.65623e-17
2.66514e-17
2.67277e-17
2.67785e-17
2.68109e-17
2.68169e-17
2.67897e-17
2.67426e-17
2.66875e-17
2.66089e-17
2.65359e-17
2.647e-17
2.63827e-17
2.61344e-17
2.61935e-17
2.62858e-17
2.63626e-17
2.64671e-17
2.65682e-17
2.66582e-17
2.67347e-17
2.67814e-17
2.6812e-17
2.68169e-17
2.67897e-17
2.67426e-17
2.6679e-17
2.65953e-17
2.65145e-17
2.647e-17
2.63647e-17
2.63513e-17
2.6453e-17
2.65165e-17
2.65823e-17
2.6658e-17
2.67176e-17
2.67786e-17
2.68071e-17
2.68165e-17
2.6802e-17
2.67464e-17
2.66819e-17
2.65873e-17
2.64832e-17
2.6393e-17
2.62934e-17
2.62349e-17
2.61457e-17
2.61629e-17
2.62596e-17
2.63345e-17
2.64375e-17
2.65169e-17
2.66212e-17
2.67091e-17
2.67728e-17
2.68055e-17
2.68167e-17
2.67942e-17
2.67578e-17
2.67015e-17
2.66327e-17
2.65498e-17
2.64982e-17
2.63913e-17
2.6329e-17
2.64014e-17
2.64933e-17
2.65449e-17
2.66418e-17
2.67105e-17
2.67653e-17
2.67986e-17
2.68178e-17
2.68066e-17
2.67699e-17
2.67104e-17
2.66317e-17
2.65369e-17
2.64355e-17
2.6353e-17
2.62391e-17
2.61679e-17
2.58766e-17
2.59362e-17
2.60647e-17
2.61235e-17
2.62443e-17
2.63909e-17
2.65202e-17
2.66457e-17
2.67237e-17
2.67912e-17
2.68296e-17
2.68405e-17
2.68217e-17
2.67916e-17
2.67442e-17
2.6685e-17
2.66142e-17
2.65376e-17
2.6519e-17
2.65985e-17
2.66629e-17
2.67233e-17
2.67863e-17
2.68243e-17
2.6842e-17
2.68374e-17
2.68074e-17
2.676e-17
2.66703e-17
2.65433e-17
2.64411e-17
2.63092e-17
2.61756e-17
2.60562e-17
2.59485e-17
2.5878e-17
2.59025e-17
2.60154e-17
2.6098e-17
2.62157e-17
2.63394e-17
2.64786e-17
2.65937e-17
2.6686e-17
2.67668e-17
2.68205e-17
2.68389e-17
2.68328e-17
2.68071e-17
2.67584e-17
2.66963e-17
2.6626e-17
2.65475e-17
2.65027e-17
2.65567e-17
2.66243e-17
2.67053e-17
2.67555e-17
2.68071e-17
2.68336e-17
2.68425e-17
2.68225e-17
2.67769e-17
2.67116e-17
2.65971e-17
2.64776e-17
2.63619e-17
2.62178e-17
2.6114e-17
2.60023e-17
2.59278e-17
2.55854e-17
2.56453e-17
2.57534e-17
2.58817e-17
2.60303e-17
2.62278e-17
2.63475e-17
2.65212e-17
2.66436e-17
2.6748e-17
2.68179e-17
2.68635e-17
2.68837e-17
2.68686e-17
2.68422e-17
2.67758e-17
2.67274e-17
2.66581e-17
2.66245e-17
2.66997e-17
2.67701e-17
2.68235e-17
2.6856e-17
2.68785e-17
2.68721e-17
2.68367e-17
2.67789e-17
2.6689e-17
2.65557e-17
2.64433e-17
2.62491e-17
2.60958e-17
2.59193e-17
2.57878e-17
2.56968e-17
2.56076e-17
2.56051e-17
2.57163e-17
2.58266e-17
2.59869e-17
2.61563e-17
2.63105e-17
2.64576e-17
2.65987e-17
2.67129e-17
2.67957e-17
2.68512e-17
2.68794e-17
2.68736e-17
2.68486e-17
2.68066e-17
2.67535e-17
2.66738e-17
2.65957e-17
2.66675e-17
2.67476e-17
2.68086e-17
2.68506e-17
2.68764e-17
2.68779e-17
2.68587e-17
2.68058e-17
2.6724e-17
2.66023e-17
2.64561e-17
2.63223e-17
2.61407e-17
2.60125e-17
2.58291e-17
2.57253e-17
2.56386e-17
2.52906e-17
2.53376e-17
2.54452e-17
2.55966e-17
2.5787e-17
2.59929e-17
2.61889e-17
2.64079e-17
2.65418e-17
2.66944e-17
2.6796e-17
2.68629e-17
2.69006e-17
2.69123e-17
2.68953e-17
2.68592e-17
2.67995e-17
2.67182e-17
2.66835e-17
2.6768e-17
2.68354e-17
2.68821e-17
2.69082e-17
2.69106e-17
2.68834e-17
2.68251e-17
2.67258e-17
2.66078e-17
2.64444e-17
2.62509e-17
2.60916e-17
2.58757e-17
2.56605e-17
2.55019e-17
2.53567e-17
2.52906e-17
2.53427e-17
2.54053e-17
2.55687e-17
2.572e-17
2.58866e-17
2.61054e-17
2.63151e-17
2.6467e-17
2.66421e-17
2.67576e-17
2.68393e-17
2.6888e-17
2.69122e-17
2.69075e-17
2.68762e-17
2.68209e-17
2.6743e-17
2.66607e-17
2.67421e-17
2.68192e-17
2.68756e-17
2.69065e-17
2.6911e-17
2.68943e-17
2.68506e-17
2.67651e-17
2.66477e-17
2.64965e-17
2.634e-17
2.61334e-17
2.59295e-17
2.57091e-17
2.55385e-17
2.53915e-17
2.53084e-17
2.49774e-17
2.50222e-17
2.51958e-17
2.53331e-17
2.55373e-17
2.58003e-17
2.60125e-17
2.62386e-17
2.64342e-17
2.66065e-17
2.6743e-17
2.68387e-17
2.68979e-17
2.69243e-17
2.69193e-17
2.68874e-17
2.68254e-17
2.67467e-17
2.67074e-17
2.68031e-17
2.6867e-17
2.6908e-17
2.69259e-17
2.69123e-17
2.68703e-17
2.67708e-17
2.66589e-17
2.64933e-17
2.63111e-17
2.60923e-17
2.58694e-17
2.55963e-17
2.54084e-17
2.52083e-17
2.50571e-17
2.49601e-17
2.49864e-17
2.51253e-17
2.52402e-17
2.54602e-17
2.56817e-17
2.59251e-17
2.61508e-17
2.63672e-17
2.65476e-17
2.67014e-17
2.68076e-17
2.68843e-17
2.69168e-17
2.69257e-17
2.68999e-17
2.68523e-17
2.67791e-17
2.66799e-17
2.67741e-17
2.68464e-17
2.69001e-17
2.69236e-17
2.69199e-17
2.68808e-17
2.68182e-17
2.67084e-17
2.65625e-17
2.63803e-17
2.6171e-17
2.59514e-17
2.57206e-17
2.54777e-17
2.5261e-17
2.5111e-17
2.49883e-17
2.46825e-17
2.47389e-17
2.48572e-17
2.50593e-17
2.53113e-17
2.55894e-17
2.58221e-17
2.61069e-17
2.63235e-17
2.65165e-17
2.668e-17
2.67998e-17
2.68708e-17
2.69056e-17
2.69096e-17
2.68766e-17
2.6816e-17
2.67371e-17
2.66985e-17
2.67903e-17
2.68576e-17
2.69034e-17
2.69111e-17
2.68903e-17
2.68268e-17
2.67263e-17
2.65843e-17
2.64079e-17
2.61638e-17
2.59339e-17
2.56565e-17
2.53744e-17
2.51486e-17
2.49185e-17
2.47684e-17
2.47091e-17
2.47169e-17
2.48389e-17
2.50212e-17
2.52395e-17
2.54694e-17
2.57827e-17
2.60172e-17
2.6238e-17
2.64401e-17
2.66331e-17
2.67634e-17
2.68491e-17
2.69003e-17
2.69101e-17
2.68925e-17
2.68449e-17
2.67694e-17
2.6664e-17
2.67598e-17
2.68402e-17
2.68887e-17
2.69129e-17
2.68987e-17
2.68498e-17
2.67725e-17
2.66424e-17
2.64704e-17
2.62765e-17
2.60305e-17
2.57664e-17
2.55152e-17
2.52366e-17
2.50142e-17
2.48451e-17
2.47079e-17
2.44136e-17
2.45023e-17
2.46364e-17
2.48348e-17
2.50725e-17
2.54045e-17
2.56901e-17
2.59574e-17
2.62172e-17
2.64389e-17
2.66044e-17
2.67453e-17
2.68184e-17
2.68615e-17
2.68696e-17
2.68375e-17
2.67793e-17
2.6692e-17
2.66512e-17
2.67502e-17
2.6813e-17
2.68667e-17
2.68728e-17
2.68337e-17
2.67721e-17
2.66565e-17
2.65002e-17
2.63146e-17
2.60552e-17
2.57897e-17
2.55234e-17
2.51919e-17
2.49323e-17
2.47296e-17
2.45225e-17
2.44291e-17
2.44474e-17
2.45697e-17
2.47584e-17
2.50105e-17
2.52943e-17
2.5593e-17
2.58986e-17
2.61308e-17
2.63762e-17
2.65594e-17
2.67012e-17
2.68068e-17
2.68547e-17
2.68745e-17
2.68556e-17
2.68025e-17
2.6721e-17
2.66117e-17
2.6725e-17
2.67993e-17
2.68578e-17
2.6874e-17
2.68559e-17
2.67961e-17
2.66964e-17
2.65778e-17
2.63661e-17
2.6128e-17
2.58935e-17
2.5582e-17
2.52828e-17
2.50145e-17
2.47696e-17
2.45788e-17
2.44562e-17
2.42356e-17
2.43083e-17
2.44629e-17
2.46857e-17
2.49721e-17
2.5251e-17
2.5582e-17
2.58483e-17
2.61302e-17
2.6374e-17
2.65271e-17
2.66669e-17
2.67547e-17
2.67952e-17
2.68004e-17
2.67604e-17
2.67013e-17
2.66062e-17
2.65759e-17
2.66716e-17
2.67553e-17
2.67899e-17
2.67997e-17
2.67765e-17
2.67013e-17
2.65863e-17
2.64163e-17
2.62044e-17
2.59815e-17
2.56722e-17
2.53928e-17
2.50362e-17
2.47693e-17
2.45292e-17
2.43346e-17
2.42526e-17
2.42774e-17
2.43965e-17
2.46081e-17
2.48537e-17
2.5165e-17
2.54545e-17
2.57556e-17
2.60434e-17
2.63008e-17
2.64901e-17
2.66303e-17
2.67266e-17
2.67841e-17
2.67988e-17
2.67834e-17
2.67295e-17
2.66505e-17
2.65201e-17
2.66346e-17
2.67255e-17
2.67794e-17
2.68029e-17
2.67903e-17
2.67328e-17
2.66226e-17
2.64775e-17
2.62931e-17
2.6052e-17
2.57969e-17
2.54963e-17
2.51744e-17
2.48734e-17
2.4609e-17
2.44155e-17
2.42764e-17
2.41208e-17
2.42043e-17
2.43638e-17
2.46018e-17
2.48841e-17
2.5187e-17
2.54988e-17
2.5798e-17
2.60879e-17
2.62967e-17
2.64656e-17
2.65926e-17
2.66789e-17
2.67111e-17
2.67132e-17
2.6677e-17
2.66039e-17
2.64881e-17
2.64732e-17
2.65733e-17
2.66453e-17
2.67035e-17
2.67131e-17
2.66907e-17
2.66412e-17
2.65182e-17
2.63578e-17
2.61418e-17
2.58816e-17
2.55992e-17
2.52833e-17
2.498e-17
2.46834e-17
2.44252e-17
2.42384e-17
2.41433e-17
2.4171e-17
2.43054e-17
2.44921e-17
2.47768e-17
2.50827e-17
2.54075e-17
2.56804e-17
2.59592e-17
2.62207e-17
2.64054e-17
2.65434e-17
2.66423e-17
2.67052e-17
2.67168e-17
2.66877e-17
2.66343e-17
2.65383e-17
2.64189e-17
2.65357e-17
2.66269e-17
2.668e-17
2.67161e-17
2.67026e-17
2.66558e-17
2.65687e-17
2.64286e-17
2.62311e-17
2.59744e-17
2.57157e-17
2.54047e-17
2.50883e-17
2.47656e-17
2.45152e-17
2.43117e-17
2.41629e-17
2.41441e-17
2.42195e-17
2.43802e-17
2.46107e-17
2.48962e-17
2.51703e-17
2.55273e-17
2.58308e-17
2.60781e-17
2.631e-17
2.64822e-17
2.66124e-17
2.67045e-17
2.67394e-17
2.67424e-17
2.6707e-17
2.66258e-17
2.65259e-17
2.65073e-17
2.66062e-17
2.66764e-17
2.67385e-17
2.67438e-17
2.67254e-17
2.66517e-17
2.65479e-17
2.63732e-17
2.61558e-17
2.58996e-17
2.56046e-17
2.53078e-17
2.49978e-17
2.46894e-17
2.44548e-17
2.42629e-17
2.41617e-17
2.41854e-17
2.43181e-17
2.45186e-17
2.47954e-17
2.50856e-17
2.54003e-17
2.56996e-17
2.60067e-17
2.62292e-17
2.64282e-17
2.65799e-17
2.66804e-17
2.67289e-17
2.67505e-17
2.67127e-17
2.66636e-17
2.65746e-17
2.64501e-17
2.65676e-17
2.66554e-17
2.67087e-17
2.67442e-17
2.67307e-17
2.66802e-17
2.65925e-17
2.64289e-17
2.62633e-17
2.6003e-17
2.57228e-17
2.54217e-17
2.50832e-17
2.47908e-17
2.45324e-17
2.43392e-17
2.418e-17
2.42879e-17
2.4357e-17
2.45164e-17
2.47287e-17
2.5015e-17
2.53003e-17
2.56158e-17
2.5897e-17
2.61808e-17
2.63806e-17
2.65669e-17
2.66817e-17
2.6785e-17
2.68185e-17
2.68217e-17
2.67925e-17
2.67325e-17
2.66332e-17
2.65878e-17
2.67062e-17
2.67733e-17
2.68164e-17
2.68194e-17
2.67984e-17
2.67258e-17
2.6604e-17
2.64663e-17
2.62503e-17
2.59791e-17
2.57143e-17
2.5391e-17
2.51069e-17
2.48339e-17
2.45839e-17
2.44036e-17
2.42867e-17
2.43159e-17
2.44276e-17
2.4619e-17
2.49022e-17
2.51698e-17
2.54557e-17
2.5797e-17
2.60503e-17
2.62905e-17
2.64938e-17
2.66412e-17
2.67484e-17
2.68031e-17
2.68255e-17
2.68076e-17
2.67575e-17
2.66666e-17
2.65414e-17
2.66557e-17
2.6753e-17
2.6807e-17
2.68249e-17
2.6813e-17
2.67505e-17
2.66488e-17
2.6508e-17
2.63121e-17
2.60975e-17
2.58217e-17
2.55044e-17
2.52057e-17
2.49038e-17
2.46534e-17
2.44599e-17
2.43337e-17
2.44904e-17
2.45627e-17
2.46859e-17
2.48959e-17
2.51644e-17
2.5438e-17
2.57068e-17
2.60166e-17
2.62799e-17
2.64515e-17
2.66322e-17
2.67509e-17
2.68361e-17
2.68785e-17
2.68805e-17
2.68536e-17
2.67871e-17
2.66999e-17
2.66605e-17
2.67646e-17
2.6843e-17
2.68776e-17
2.68867e-17
2.68571e-17
2.67871e-17
2.66776e-17
2.65236e-17
2.63239e-17
2.60761e-17
2.58287e-17
2.55552e-17
2.52705e-17
2.49954e-17
2.47529e-17
2.45932e-17
2.45024e-17
2.45179e-17
2.46464e-17
2.48119e-17
2.50574e-17
2.5347e-17
2.55746e-17
2.59067e-17
2.61642e-17
2.63796e-17
2.65779e-17
2.67125e-17
2.68083e-17
2.68695e-17
2.68862e-17
2.68727e-17
2.68149e-17
2.67381e-17
2.66351e-17
2.67289e-17
2.68155e-17
2.68666e-17
2.68885e-17
2.68749e-17
2.68261e-17
2.67311e-17
2.6599e-17
2.64008e-17
2.61785e-17
2.59174e-17
2.56422e-17
2.53687e-17
2.50948e-17
2.48453e-17
2.46441e-17
2.45306e-17
2.47614e-17
2.48187e-17
2.49468e-17
2.51298e-17
2.53939e-17
2.56436e-17
2.58878e-17
2.61427e-17
2.6351e-17
2.65635e-17
2.67021e-17
2.68134e-17
2.68879e-17
2.69135e-17
2.69149e-17
2.68835e-17
2.68201e-17
2.67437e-17
2.67061e-17
2.67933e-17
2.68646e-17
2.69054e-17
2.69166e-17
2.68987e-17
2.68423e-17
2.6745e-17
2.66049e-17
2.64373e-17
2.62028e-17
2.6004e-17
2.57193e-17
2.54564e-17
2.52336e-17
2.50171e-17
2.4866e-17
2.47818e-17
2.48126e-17
2.49326e-17
2.51016e-17
2.52876e-17
2.55432e-17
2.57927e-17
2.60418e-17
2.62767e-17
2.65098e-17
2.6646e-17
2.67786e-17
2.68604e-17
2.6909e-17
2.69174e-17
2.68997e-17
2.68467e-17
2.67718e-17
2.66696e-17
2.67687e-17
2.6844e-17
2.68958e-17
2.69193e-17
2.69112e-17
2.68647e-17
2.67806e-17
2.66621e-17
2.64998e-17
2.63309e-17
2.60859e-17
2.57991e-17
2.55543e-17
2.52989e-17
2.50654e-17
2.49254e-17
2.47928e-17
2.50596e-17
2.51207e-17
2.52166e-17
2.54146e-17
2.56177e-17
2.58386e-17
2.60679e-17
2.62691e-17
2.64806e-17
2.66389e-17
2.67572e-17
2.6852e-17
2.69014e-17
2.69239e-17
2.69148e-17
2.68808e-17
2.68183e-17
2.67419e-17
2.67087e-17
2.67965e-17
2.68649e-17
2.69043e-17
2.69236e-17
2.69108e-17
2.68711e-17
2.67993e-17
2.66742e-17
2.65497e-17
2.63475e-17
2.61533e-17
2.59255e-17
2.56868e-17
2.55165e-17
2.52674e-17
2.51654e-17
2.50893e-17
2.50776e-17
2.5225e-17
2.5344e-17
2.55265e-17
2.57297e-17
2.59791e-17
2.61967e-17
2.64149e-17
2.65716e-17
2.67012e-17
2.68306e-17
2.68856e-17
2.69197e-17
2.6921e-17
2.68963e-17
2.68475e-17
2.677e-17
2.66825e-17
2.67658e-17
2.6842e-17
2.68946e-17
2.69203e-17
2.69188e-17
2.6887e-17
2.68272e-17
2.67175e-17
2.65976e-17
2.64296e-17
2.62325e-17
2.60078e-17
2.57493e-17
2.55616e-17
2.53319e-17
2.52173e-17
2.51113e-17
2.53853e-17
2.54494e-17
2.55365e-17
2.56821e-17
2.58664e-17
2.60573e-17
2.62542e-17
2.64214e-17
2.65735e-17
2.67041e-17
2.67964e-17
2.68662e-17
2.69013e-17
2.69042e-17
2.6886e-17
2.68438e-17
2.67733e-17
2.66952e-17
2.6669e-17
2.67543e-17
2.68268e-17
2.68683e-17
2.68997e-17
2.69061e-17
2.6883e-17
2.68262e-17
2.67352e-17
2.66393e-17
2.64751e-17
2.63154e-17
2.61296e-17
2.5944e-17
2.57474e-17
2.55806e-17
2.54741e-17
2.53961e-17
2.54132e-17
2.55012e-17
2.56429e-17
2.58039e-17
2.5987e-17
2.61922e-17
2.63587e-17
2.65384e-17
2.66623e-17
2.6781e-17
2.68449e-17
2.68906e-17
2.69029e-17
2.6894e-17
2.6859e-17
2.67965e-17
2.67286e-17
2.66485e-17
2.67321e-17
2.68026e-17
2.68501e-17
2.68884e-17
2.69051e-17
2.68908e-17
2.68512e-17
2.67772e-17
2.66776e-17
2.6529e-17
2.63871e-17
2.62109e-17
2.59875e-17
2.57804e-17
2.56353e-17
2.54924e-17
2.54138e-17
2.56913e-17
2.57618e-17
2.58456e-17
2.59597e-17
2.60987e-17
2.62607e-17
2.6409e-17
2.65446e-17
2.66719e-17
2.67705e-17
2.68293e-17
2.68579e-17
2.68691e-17
2.68515e-17
2.68183e-17
2.67635e-17
2.66888e-17
2.66225e-17
2.66001e-17
2.66715e-17
2.67403e-17
2.6795e-17
2.68386e-17
2.68666e-17
2.68659e-17
2.6845e-17
2.67882e-17
2.67106e-17
2.65993e-17
2.64626e-17
2.62963e-17
2.61556e-17
2.60291e-17
2.58557e-17
2.5769e-17
2.56915e-17
2.57026e-17
2.57968e-17
2.59205e-17
2.60457e-17
2.62124e-17
2.63558e-17
2.6496e-17
2.66298e-17
2.67378e-17
2.68102e-17
2.6852e-17
2.68686e-17
2.68593e-17
2.68386e-17
2.67869e-17
2.671e-17
2.66506e-17
2.6567e-17
2.6636e-17
2.6718e-17
2.67809e-17
2.68348e-17
2.68618e-17
2.68681e-17
2.68556e-17
2.68155e-17
2.67379e-17
2.663e-17
2.65118e-17
2.63823e-17
2.62213e-17
2.60593e-17
2.5908e-17
2.57831e-17
2.57138e-17
2.59714e-17
2.60306e-17
2.60842e-17
2.62111e-17
2.63388e-17
2.64452e-17
2.65739e-17
2.66622e-17
2.67523e-17
2.68068e-17
2.68278e-17
2.68305e-17
2.68037e-17
2.67532e-17
2.6713e-17
2.66398e-17
2.65609e-17
2.64914e-17
2.6481e-17
2.65489e-17
2.66037e-17
2.66869e-17
2.67538e-17
2.67957e-17
2.68272e-17
2.68325e-17
2.68111e-17
2.67673e-17
2.67087e-17
2.65985e-17
2.64792e-17
2.63732e-17
2.62531e-17
2.6164e-17
2.60233e-17
2.59664e-17
2.59962e-17
2.60357e-17
2.6169e-17
2.62911e-17
2.64011e-17
2.65121e-17
2.66242e-17
2.67205e-17
2.67838e-17
2.68233e-17
2.683e-17
2.6809e-17
2.67855e-17
2.6729e-17
2.66548e-17
2.6591e-17
2.65276e-17
2.6445e-17
2.65067e-17
2.65899e-17
2.66507e-17
2.67199e-17
2.67807e-17
2.68107e-17
2.68355e-17
2.68236e-17
2.67918e-17
2.67248e-17
2.66497e-17
2.65263e-17
2.64161e-17
2.62971e-17
2.61743e-17
2.60647e-17
2.59993e-17
2.61935e-17
2.62611e-17
2.63532e-17
2.64237e-17
2.65162e-17
2.66257e-17
2.66811e-17
2.67509e-17
2.67959e-17
2.68136e-17
2.68024e-17
2.67692e-17
2.6709e-17
2.66412e-17
2.65541e-17
2.64621e-17
2.63968e-17
2.63251e-17
2.62877e-17
2.6343e-17
2.64312e-17
2.6509e-17
2.65979e-17
2.66827e-17
2.67475e-17
2.67952e-17
2.68133e-17
2.68029e-17
2.67774e-17
2.67188e-17
2.66404e-17
2.65479e-17
2.64525e-17
2.63584e-17
2.62838e-17
2.62286e-17
2.62346e-17
2.63269e-17
2.63982e-17
2.64797e-17
2.65786e-17
2.66663e-17
2.67369e-17
2.67865e-17
2.681e-17
2.68098e-17
2.67774e-17
2.67393e-17
2.66611e-17
2.65925e-17
2.65083e-17
2.64203e-17
2.63365e-17
2.6272e-17
2.63353e-17
2.64132e-17
2.64992e-17
2.65981e-17
2.6672e-17
2.67168e-17
2.67825e-17
2.68097e-17
2.68129e-17
2.67885e-17
2.67382e-17
2.66808e-17
2.65812e-17
2.64938e-17
2.63911e-17
2.63089e-17
2.62412e-17
2.63777e-17
2.64611e-17
2.65312e-17
2.66005e-17
2.6677e-17
2.67402e-17
2.67906e-17
2.68114e-17
2.68228e-17
2.67962e-17
2.67466e-17
2.66781e-17
2.65763e-17
2.64878e-17
2.63796e-17
2.62667e-17
2.61661e-17
2.60796e-17
2.6063e-17
2.61572e-17
2.62144e-17
2.63278e-17
2.64443e-17
2.65669e-17
2.66447e-17
2.67201e-17
2.67781e-17
2.68176e-17
2.68203e-17
2.67965e-17
2.67588e-17
2.66996e-17
2.66268e-17
2.65691e-17
2.64799e-17
2.6419e-17
2.64309e-17
2.64984e-17
2.65709e-17
2.66564e-17
2.67123e-17
2.67715e-17
2.68109e-17
2.68213e-17
2.68102e-17
2.67673e-17
2.67031e-17
2.66186e-17
2.65258e-17
2.6396e-17
2.63185e-17
2.62097e-17
2.61022e-17
2.60425e-17
2.6096e-17
2.62033e-17
2.62969e-17
2.63915e-17
2.65143e-17
2.66149e-17
2.67055e-17
2.67742e-17
2.68094e-17
2.6823e-17
2.68113e-17
2.67813e-17
2.67211e-17
2.66581e-17
2.65742e-17
2.65204e-17
2.64253e-17
2.65283e-17
2.66032e-17
2.6678e-17
2.67464e-17
2.67897e-17
2.68343e-17
2.68526e-17
2.68477e-17
2.68188e-17
2.675e-17
2.66822e-17
2.65557e-17
2.64455e-17
2.62921e-17
2.61445e-17
2.6024e-17
2.59226e-17
2.58139e-17
2.58242e-17
2.58833e-17
2.59613e-17
2.61157e-17
2.62295e-17
2.63802e-17
2.65123e-17
2.66424e-17
2.67351e-17
2.6798e-17
2.684e-17
2.68534e-17
2.68407e-17
2.68123e-17
2.67521e-17
2.66996e-17
2.66366e-17
2.65517e-17
2.65839e-17
2.66528e-17
2.67152e-17
2.67726e-17
2.68136e-17
2.68475e-17
2.6852e-17
2.68322e-17
2.67835e-17
2.67093e-17
2.66139e-17
2.64753e-17
2.63341e-17
2.61848e-17
2.60692e-17
2.59354e-17
2.58581e-17
2.57799e-17
2.58581e-17
2.5939e-17
2.60558e-17
2.61696e-17
2.63234e-17
2.6478e-17
2.66066e-17
2.67017e-17
2.67854e-17
2.68301e-17
2.68495e-17
2.68482e-17
2.68232e-17
2.67805e-17
2.67192e-17
2.66631e-17
2.6586e-17
2.66198e-17
2.67021e-17
2.67748e-17
2.68439e-17
2.68676e-17
2.68918e-17
2.68844e-17
2.68558e-17
2.67835e-17
2.67026e-17
2.65663e-17
2.64149e-17
2.6252e-17
2.60643e-17
2.59292e-17
2.57325e-17
2.56067e-17
2.55327e-17
2.55265e-17
2.55737e-17
2.57017e-17
2.58489e-17
2.60131e-17
2.6179e-17
2.63578e-17
2.65223e-17
2.66514e-17
2.6766e-17
2.68372e-17
2.68785e-17
2.68942e-17
2.68809e-17
2.68494e-17
2.67931e-17
2.67297e-17
2.66411e-17
2.668e-17
2.67473e-17
2.68073e-17
2.68598e-17
2.68905e-17
2.6895e-17
2.68653e-17
2.68197e-17
2.67293e-17
2.66191e-17
2.64661e-17
2.63146e-17
2.61432e-17
2.59542e-17
2.57827e-17
2.56691e-17
2.55382e-17
2.55059e-17
2.55545e-17
2.56526e-17
2.5773e-17
2.59455e-17
2.61289e-17
2.62971e-17
2.64591e-17
2.66024e-17
2.6726e-17
2.68131e-17
2.68664e-17
2.68896e-17
2.68898e-17
2.68663e-17
2.68225e-17
2.67562e-17
2.66809e-17
2.66738e-17
2.67599e-17
2.68295e-17
2.68845e-17
2.69154e-17
2.69172e-17
2.68932e-17
2.68279e-17
2.67254e-17
2.66144e-17
2.64604e-17
2.62667e-17
2.6046e-17
2.58432e-17
2.56508e-17
2.54479e-17
2.53282e-17
2.52037e-17
2.5193e-17
2.52833e-17
2.54125e-17
2.55987e-17
2.57652e-17
2.59784e-17
2.62199e-17
2.63946e-17
2.65696e-17
2.67018e-17
2.68068e-17
2.68735e-17
2.69128e-17
2.69181e-17
2.68909e-17
2.68528e-17
2.67873e-17
2.66946e-17
2.6729e-17
2.68088e-17
2.68703e-17
2.69053e-17
2.69214e-17
2.6905e-17
2.68564e-17
2.67801e-17
2.66711e-17
2.65097e-17
2.63229e-17
2.61597e-17
2.58945e-17
2.57299e-17
2.5527e-17
2.53856e-17
2.52411e-17
2.5209e-17
2.52142e-17
2.53344e-17
2.55086e-17
2.56991e-17
2.59113e-17
2.61472e-17
2.63404e-17
2.64856e-17
2.66606e-17
2.67796e-17
2.68593e-17
2.69014e-17
2.69201e-17
2.69118e-17
2.68676e-17
2.68192e-17
2.67346e-17
2.66742e-17
2.67747e-17
2.68523e-17
2.68981e-17
2.69229e-17
2.69154e-17
2.68681e-17
2.68004e-17
2.66821e-17
2.65001e-17
2.63458e-17
2.61148e-17
2.5871e-17
2.56216e-17
2.53707e-17
2.51665e-17
2.50233e-17
2.48993e-17
2.48785e-17
2.49709e-17
2.51179e-17
2.53179e-17
2.55286e-17
2.58031e-17
2.60297e-17
2.62515e-17
2.64632e-17
2.66521e-17
2.67564e-17
2.6852e-17
2.69028e-17
2.69228e-17
2.69111e-17
2.68681e-17
2.68085e-17
2.67138e-17
2.67474e-17
2.68289e-17
2.68869e-17
2.69187e-17
2.69217e-17
2.68937e-17
2.68325e-17
2.67318e-17
2.65798e-17
2.64134e-17
2.61951e-17
2.59631e-17
2.57003e-17
2.5489e-17
2.52193e-17
2.50805e-17
2.49481e-17
2.48918e-17
2.48994e-17
2.50622e-17
2.52095e-17
2.54555e-17
2.57169e-17
2.59203e-17
2.61868e-17
2.63934e-17
2.65861e-17
2.6716e-17
2.68309e-17
2.68855e-17
2.69205e-17
2.69179e-17
2.68874e-17
2.68377e-17
2.67515e-17
2.66448e-17
2.67493e-17
2.6835e-17
2.68836e-17
2.69007e-17
2.68894e-17
2.68341e-17
2.67398e-17
2.66204e-17
2.64304e-17
2.62323e-17
2.59664e-17
2.5669e-17
2.53962e-17
2.51375e-17
2.49359e-17
2.47414e-17
2.46082e-17
2.45944e-17
2.46892e-17
2.48507e-17
2.50621e-17
2.53256e-17
2.55928e-17
2.58709e-17
2.61358e-17
2.63489e-17
2.65508e-17
2.67111e-17
2.68146e-17
2.6867e-17
2.69006e-17
2.68904e-17
2.68546e-17
2.67875e-17
2.66838e-17
2.67214e-17
2.68062e-17
2.68695e-17
2.68979e-17
2.68934e-17
2.68589e-17
2.6783e-17
2.66579e-17
2.64908e-17
2.62941e-17
2.6077e-17
2.5795e-17
2.55058e-17
2.52476e-17
2.50021e-17
2.47643e-17
2.46504e-17
2.45986e-17
2.46532e-17
2.47844e-17
2.50063e-17
2.52361e-17
2.55116e-17
2.57951e-17
2.60418e-17
2.62938e-17
2.648e-17
2.66558e-17
2.677e-17
2.68541e-17
2.68919e-17
2.68998e-17
2.68729e-17
2.68134e-17
2.67192e-17
2.65846e-17
2.67025e-17
2.67853e-17
2.68329e-17
2.68556e-17
2.68389e-17
2.67732e-17
2.66755e-17
2.65443e-17
2.63511e-17
2.61187e-17
2.5852e-17
2.55525e-17
2.52517e-17
2.49603e-17
2.47082e-17
2.45088e-17
2.43989e-17
2.43954e-17
2.44652e-17
2.46294e-17
2.49023e-17
2.51632e-17
2.54523e-17
2.57518e-17
2.60204e-17
2.62784e-17
2.64616e-17
2.6628e-17
2.67548e-17
2.68194e-17
2.68539e-17
2.68406e-17
2.67986e-17
2.67227e-17
2.66367e-17
2.66552e-17
2.6751e-17
2.68169e-17
2.68463e-17
2.68446e-17
2.68047e-17
2.6722e-17
2.66019e-17
2.64216e-17
2.62047e-17
2.59399e-17
2.56785e-17
2.53304e-17
2.50661e-17
2.47901e-17
2.45428e-17
2.44251e-17
2.43837e-17
2.44109e-17
2.45762e-17
2.47769e-17
2.50541e-17
2.53369e-17
2.5641e-17
2.59187e-17
2.61878e-17
2.64014e-17
2.65741e-17
2.67144e-17
2.67991e-17
2.68467e-17
2.68523e-17
2.68198e-17
2.67563e-17
2.66785e-17
2.64761e-17
2.66149e-17
2.66969e-17
2.6753e-17
2.67804e-17
2.67651e-17
2.67057e-17
2.6616e-17
2.64793e-17
2.62556e-17
2.60319e-17
2.57463e-17
2.5449e-17
2.51383e-17
2.48256e-17
2.45596e-17
2.43628e-17
2.42229e-17
2.42023e-17
2.43087e-17
2.4484e-17
2.47444e-17
2.50216e-17
2.5316e-17
2.56581e-17
2.59229e-17
2.61682e-17
2.64027e-17
2.6561e-17
2.66735e-17
2.67478e-17
2.67849e-17
2.67687e-17
2.6726e-17
2.6646e-17
2.65416e-17
2.65643e-17
2.66778e-17
2.67438e-17
2.67777e-17
2.67704e-17
2.67319e-17
2.66526e-17
2.65171e-17
2.63425e-17
2.6127e-17
2.58566e-17
2.55635e-17
2.52525e-17
2.49168e-17
2.46567e-17
2.44227e-17
2.42707e-17
2.41842e-17
2.42691e-17
2.44203e-17
2.46419e-17
2.48896e-17
2.52062e-17
2.55591e-17
2.58343e-17
2.60943e-17
2.63368e-17
2.65151e-17
2.66379e-17
2.6734e-17
2.67711e-17
2.67793e-17
2.67388e-17
2.66697e-17
2.66024e-17
2.63781e-17
2.64948e-17
2.65906e-17
2.66464e-17
2.66782e-17
2.66734e-17
2.66301e-17
2.65349e-17
2.63993e-17
2.62052e-17
2.59579e-17
2.56815e-17
2.536e-17
2.50854e-17
2.47752e-17
2.45045e-17
2.42865e-17
2.41466e-17
2.41269e-17
2.42319e-17
2.43953e-17
2.46807e-17
2.49345e-17
2.52803e-17
2.55825e-17
2.58915e-17
2.61e-17
2.63326e-17
2.64937e-17
2.66036e-17
2.66558e-17
2.66838e-17
2.6664e-17
2.66077e-17
2.6529e-17
2.64375e-17
2.64687e-17
2.65656e-17
2.66266e-17
2.66713e-17
2.66815e-17
2.66452e-17
2.65698e-17
2.64511e-17
2.62789e-17
2.60395e-17
2.57721e-17
2.54896e-17
2.51718e-17
2.48616e-17
2.45736e-17
2.43429e-17
2.41867e-17
2.41044e-17
2.41943e-17
2.4341e-17
2.45835e-17
2.48463e-17
2.51479e-17
2.54634e-17
2.578e-17
2.60258e-17
2.62657e-17
2.64343e-17
2.65616e-17
2.6648e-17
2.66778e-17
2.66785e-17
2.66364e-17
2.65703e-17
2.64514e-17
2.64761e-17
2.66025e-17
2.66954e-17
2.6753e-17
2.67753e-17
2.67597e-17
2.66989e-17
2.65969e-17
2.64359e-17
2.62722e-17
2.60046e-17
2.57677e-17
2.54555e-17
2.51254e-17
2.48227e-17
2.45596e-17
2.43628e-17
2.42229e-17
2.42023e-17
2.43008e-17
2.44798e-17
2.47444e-17
2.50093e-17
2.5316e-17
2.56338e-17
2.59539e-17
2.61775e-17
2.63978e-17
2.65544e-17
2.66735e-17
2.67478e-17
2.67701e-17
2.67625e-17
2.6726e-17
2.6646e-17
2.6538e-17
2.65673e-17
2.66587e-17
2.67437e-17
2.67718e-17
2.67689e-17
2.67266e-17
2.6636e-17
2.65171e-17
2.63281e-17
2.61238e-17
2.58218e-17
2.5556e-17
2.52525e-17
2.49168e-17
2.46247e-17
2.44227e-17
2.42605e-17
2.41787e-17
2.42655e-17
2.44148e-17
2.46328e-17
2.49153e-17
2.52062e-17
2.55233e-17
2.58226e-17
2.60943e-17
2.63223e-17
2.65008e-17
2.66379e-17
2.67217e-17
2.67688e-17
2.67782e-17
2.67388e-17
2.66641e-17
2.65689e-17
2.65775e-17
2.66873e-17
2.67845e-17
2.68329e-17
2.68556e-17
2.68356e-17
2.6771e-17
2.6674e-17
2.65443e-17
2.63423e-17
2.61051e-17
2.58601e-17
2.55525e-17
2.52312e-17
2.49555e-17
2.47082e-17
2.44809e-17
2.43717e-17
2.43336e-17
2.44565e-17
2.46294e-17
2.4866e-17
2.51632e-17
2.54355e-17
2.57311e-17
2.60145e-17
2.62529e-17
2.64616e-17
2.6628e-17
2.67414e-17
2.68177e-17
2.68528e-17
2.68361e-17
2.67986e-17
2.67227e-17
2.6615e-17
2.66552e-17
2.67495e-17
2.68095e-17
2.68455e-17
2.6842e-17
2.67959e-17
2.67109e-17
2.65839e-17
2.64249e-17
2.6195e-17
2.59399e-17
2.56339e-17
2.53631e-17
2.5051e-17
2.4787e-17
2.45457e-17
2.44106e-17
2.43223e-17
2.44109e-17
2.45762e-17
2.47774e-17
2.50317e-17
2.5343e-17
2.56254e-17
2.59188e-17
2.61878e-17
2.64054e-17
2.65741e-17
2.67158e-17
2.67952e-17
2.68467e-17
2.68452e-17
2.68146e-17
2.67563e-17
2.66493e-17
2.66466e-17
2.67493e-17
2.68272e-17
2.68821e-17
2.69002e-17
2.68856e-17
2.68282e-17
2.67465e-17
2.66112e-17
2.6426e-17
2.62323e-17
2.59749e-17
2.56646e-17
2.53962e-17
2.51207e-17
2.49071e-17
2.47104e-17
2.46035e-17
2.45909e-17
2.46892e-17
2.48315e-17
2.50479e-17
2.53108e-17
2.55928e-17
2.58709e-17
2.61377e-17
2.63489e-17
2.65402e-17
2.66874e-17
2.68146e-17
2.68695e-17
2.6896e-17
2.68904e-17
2.68502e-17
2.67827e-17
2.66724e-17
2.67216e-17
2.68062e-17
2.68695e-17
2.68942e-17
2.68933e-17
2.68557e-17
2.67749e-17
2.66579e-17
2.64908e-17
2.62774e-17
2.60779e-17
2.57983e-17
2.55058e-17
2.52476e-17
2.49865e-17
2.47643e-17
2.46232e-17
2.45986e-17
2.46098e-17
2.47844e-17
2.49959e-17
2.52086e-17
2.5459e-17
2.57967e-17
2.60418e-17
2.62761e-17
2.648e-17
2.66558e-17
2.67716e-17
2.68483e-17
2.68886e-17
2.68965e-17
2.68691e-17
2.68134e-17
2.67196e-17
2.66785e-17
2.67747e-17
2.68552e-17
2.68981e-17
2.69228e-17
2.69158e-17
2.68681e-17
2.67899e-17
2.66735e-17
2.65001e-17
2.63159e-17
2.6115e-17
2.58532e-17
2.5599e-17
2.53707e-17
2.51665e-17
2.4981e-17
2.48898e-17
2.4865e-17
2.49324e-17
2.50747e-17
2.52926e-17
2.55286e-17
2.57896e-17
2.59881e-17
2.62528e-17
2.64632e-17
2.66278e-17
2.67529e-17
2.68479e-17
2.69044e-17
2.69224e-17
2.69111e-17
2.68681e-17
2.68065e-17
2.67127e-17
2.67462e-17
2.68319e-17
2.68869e-17
2.69187e-17
2.69215e-17
2.68887e-17
2.68293e-17
2.67177e-17
2.65902e-17
2.64134e-17
2.61905e-17
2.59453e-17
2.57077e-17
2.54531e-17
2.52193e-17
2.50805e-17
2.49313e-17
2.4822e-17
2.48994e-17
2.50297e-17
2.52094e-17
2.54293e-17
2.56548e-17
2.59191e-17
2.61887e-17
2.63891e-17
2.65652e-17
2.67126e-17
2.68309e-17
2.68855e-17
2.69188e-17
2.69179e-17
2.68864e-17
2.68377e-17
2.67515e-17
2.66744e-17
2.67592e-17
2.68315e-17
2.6886e-17
2.69154e-17
2.69169e-17
2.68948e-17
2.68279e-17
2.67254e-17
2.66126e-17
2.64564e-17
2.62457e-17
2.60382e-17
2.58432e-17
2.56463e-17
2.54399e-17
2.52701e-17
2.51854e-17
2.51646e-17
2.52395e-17
2.53756e-17
2.55552e-17
2.57652e-17
2.59707e-17
2.61696e-17
2.63946e-17
2.65696e-17
2.67018e-17
2.67972e-17
2.6874e-17
2.69137e-17
2.69197e-17
2.6903e-17
2.68533e-17
2.67816e-17
2.67064e-17
2.67301e-17
2.68129e-17
2.68703e-17
2.69076e-17
2.69214e-17
2.69067e-17
2.68564e-17
2.67801e-17
2.66625e-17
2.65007e-17
2.63334e-17
2.61503e-17
2.58945e-17
2.57299e-17
2.5509e-17
2.53469e-17
2.52411e-17
2.51412e-17
2.52142e-17
2.53344e-17
2.54918e-17
2.56819e-17
2.58863e-17
2.60925e-17
2.6323e-17
2.64856e-17
2.66424e-17
2.67796e-17
2.68549e-17
2.69024e-17
2.69205e-17
2.69121e-17
2.68734e-17
2.68192e-17
2.67374e-17
2.66198e-17
2.67066e-17
2.67807e-17
2.68439e-17
2.68748e-17
2.68944e-17
2.68844e-17
2.68525e-17
2.67826e-17
2.66847e-17
2.65663e-17
2.64026e-17
2.6252e-17
2.60529e-17
2.58594e-17
2.57325e-17
2.55979e-17
2.55327e-17
2.54974e-17
2.5566e-17
2.56873e-17
2.58121e-17
2.60112e-17
2.61664e-17
2.63402e-17
2.65135e-17
2.66514e-17
2.67594e-17
2.68352e-17
2.68786e-17
2.68942e-17
2.68866e-17
2.68597e-17
2.68089e-17
2.67297e-17
2.66635e-17
2.668e-17
2.67517e-17
2.68206e-17
2.68649e-17
2.6892e-17
2.6895e-17
2.68696e-17
2.68138e-17
2.67293e-17
2.66117e-17
2.64661e-17
2.62902e-17
2.61279e-17
2.59213e-17
2.57857e-17
2.56389e-17
2.55155e-17
2.54353e-17
2.55327e-17
2.56336e-17
2.57614e-17
2.59374e-17
2.61248e-17
2.62971e-17
2.64574e-17
2.66012e-17
2.67218e-17
2.68042e-17
2.68664e-17
2.68908e-17
2.68919e-17
2.68657e-17
2.68225e-17
2.67558e-17
2.66809e-17
2.6549e-17
2.66032e-17
2.6678e-17
2.67504e-17
2.67906e-17
2.68343e-17
2.68547e-17
2.685e-17
2.68179e-17
2.675e-17
2.66767e-17
2.65557e-17
2.64196e-17
2.62629e-17
2.61315e-17
2.59846e-17
2.58871e-17
2.58089e-17
2.57858e-17
2.58811e-17
2.59613e-17
2.61157e-17
2.62219e-17
2.63743e-17
2.65078e-17
2.66291e-17
2.67268e-17
2.67972e-17
2.68438e-17
2.68534e-17
2.68483e-17
2.68238e-17
2.67646e-17
2.67084e-17
2.66367e-17
2.65587e-17
2.65839e-17
2.66528e-17
2.67202e-17
2.6783e-17
2.68255e-17
2.68494e-17
2.6857e-17
2.68322e-17
2.67789e-17
2.67043e-17
2.65955e-17
2.64753e-17
2.63341e-17
2.61764e-17
2.6043e-17
2.59354e-17
2.58234e-17
2.57799e-17
2.58581e-17
2.59267e-17
2.60301e-17
2.61696e-17
2.63285e-17
2.64586e-17
2.65954e-17
2.66843e-17
2.6779e-17
2.68301e-17
2.68522e-17
2.6857e-17
2.68266e-17
2.67869e-17
2.67235e-17
2.66693e-17
2.65941e-17
2.63957e-17
2.64611e-17
2.65514e-17
2.66154e-17
2.66837e-17
2.67402e-17
2.67969e-17
2.68243e-17
2.68226e-17
2.67958e-17
2.674e-17
2.66756e-17
2.65763e-17
2.6469e-17
2.63431e-17
2.62353e-17
2.61562e-17
2.60796e-17
2.60516e-17
2.61117e-17
2.62144e-17
2.63278e-17
2.64251e-17
2.65423e-17
2.66436e-17
2.67201e-17
2.67781e-17
2.68182e-17
2.68235e-17
2.67965e-17
2.67588e-17
2.67142e-17
2.66343e-17
2.65691e-17
2.64799e-17
2.64204e-17
2.64309e-17
2.64984e-17
2.65709e-17
2.66564e-17
2.67123e-17
2.67745e-17
2.68168e-17
2.68243e-17
2.68102e-17
2.67668e-17
2.66944e-17
2.66186e-17
2.65012e-17
2.6396e-17
2.6277e-17
2.61757e-17
2.60879e-17
2.60425e-17
2.6096e-17
2.61798e-17
2.62876e-17
2.63718e-17
2.6514e-17
2.65932e-17
2.66964e-17
2.67567e-17
2.68071e-17
2.6823e-17
2.68152e-17
2.67813e-17
2.67211e-17
2.66647e-17
2.65935e-17
2.65228e-17
2.64312e-17
2.61935e-17
2.62611e-17
2.63532e-17
2.64246e-17
2.6532e-17
2.66257e-17
2.66987e-17
2.67596e-17
2.67959e-17
2.68136e-17
2.67989e-17
2.67581e-17
2.66948e-17
2.66325e-17
2.65416e-17
2.64621e-17
2.63863e-17
2.63075e-17
2.62736e-17
2.6343e-17
2.64312e-17
2.6509e-17
2.65979e-17
2.66827e-17
2.67518e-17
2.67883e-17
2.68103e-17
2.68071e-17
2.67774e-17
2.67188e-17
2.66437e-17
2.65609e-17
2.6466e-17
2.63978e-17
2.62838e-17
2.62286e-17
2.62461e-17
2.63269e-17
2.63982e-17
2.65209e-17
2.6583e-17
2.66703e-17
2.67424e-17
2.6792e-17
2.681e-17
2.68098e-17
2.67774e-17
2.67272e-17
2.66611e-17
2.65786e-17
2.64862e-17
2.64052e-17
2.63365e-17
2.62702e-17
2.63353e-17
2.64132e-17
2.64791e-17
2.65732e-17
2.66554e-17
2.67168e-17
2.67764e-17
2.68072e-17
2.6812e-17
2.67885e-17
2.67494e-17
2.6682e-17
2.66043e-17
2.64961e-17
2.64182e-17
2.63089e-17
2.62412e-17
2.59714e-17
2.60306e-17
2.61196e-17
2.62282e-17
2.63578e-17
2.64461e-17
2.65786e-17
2.66827e-17
2.67544e-17
2.68011e-17
2.68263e-17
2.68252e-17
2.68037e-17
2.67526e-17
2.6698e-17
2.66398e-17
2.65609e-17
2.64887e-17
2.64451e-17
2.65228e-17
2.65969e-17
2.66511e-17
2.67416e-17
2.67917e-17
2.68211e-17
2.68298e-17
2.68165e-17
2.67673e-17
2.67087e-17
2.66083e-17
2.64793e-17
2.63732e-17
2.62531e-17
2.61678e-17
2.60884e-17
2.60069e-17
2.60085e-17
2.60993e-17
2.6169e-17
2.62959e-17
2.64011e-17
2.65339e-17
2.66357e-17
2.67266e-17
2.67838e-17
2.6823e-17
2.683e-17
2.6809e-17
2.67731e-17
2.6729e-17
2.66466e-17
2.6577e-17
2.65008e-17
2.64331e-17
2.64935e-17
2.65663e-17
2.66507e-17
2.67133e-17
2.67726e-17
2.68107e-17
2.68301e-17
2.68236e-17
2.67918e-17
2.6737e-17
2.66552e-17
2.65416e-17
2.64161e-17
2.62971e-17
2.61954e-17
2.60968e-17
2.60069e-17
2.57032e-17
2.57618e-17
2.58561e-17
2.5993e-17
2.61112e-17
2.6277e-17
2.64216e-17
2.65446e-17
2.66719e-17
2.67705e-17
2.68303e-17
2.68596e-17
2.68636e-17
2.68481e-17
2.68098e-17
2.67532e-17
2.66861e-17
2.66225e-17
2.65885e-17
2.66569e-17
2.67343e-17
2.6795e-17
2.68326e-17
2.68622e-17
2.68659e-17
2.68427e-17
2.67938e-17
2.67228e-17
2.66075e-17
2.64759e-17
2.63239e-17
2.6167e-17
2.60291e-17
2.58873e-17
2.5798e-17
2.56915e-17
2.57026e-17
2.58266e-17
2.59342e-17
2.60618e-17
2.62124e-17
2.63558e-17
2.6496e-17
2.66298e-17
2.67447e-17
2.68102e-17
2.6852e-17
2.68686e-17
2.68582e-17
2.68256e-17
2.67711e-17
2.67122e-17
2.66504e-17
2.65615e-17
2.66365e-17
2.66994e-17
2.67809e-17
2.68221e-17
2.6851e-17
2.68681e-17
2.68554e-17
2.68154e-17
2.67494e-17
2.663e-17
2.65118e-17
2.63823e-17
2.62213e-17
2.60943e-17
2.59545e-17
2.58272e-17
2.5728e-17
2.53964e-17
2.54527e-17
2.5543e-17
2.57047e-17
2.58769e-17
2.60901e-17
2.62567e-17
2.64403e-17
2.65735e-17
2.67132e-17
2.68152e-17
2.68624e-17
2.68983e-17
2.69042e-17
2.68802e-17
2.68416e-17
2.67693e-17
2.66952e-17
2.66671e-17
2.67504e-17
2.68178e-17
2.68683e-17
2.68959e-17
2.69061e-17
2.6883e-17
2.68354e-17
2.67352e-17
2.66323e-17
2.64786e-17
2.63154e-17
2.61407e-17
2.5944e-17
2.57474e-17
2.56209e-17
2.54741e-17
2.53961e-17
2.54361e-17
2.55283e-17
2.56429e-17
2.5813e-17
2.5987e-17
2.61922e-17
2.63587e-17
2.65384e-17
2.66623e-17
2.67775e-17
2.68473e-17
2.68917e-17
2.69029e-17
2.68917e-17
2.68532e-17
2.67965e-17
2.67223e-17
2.66485e-17
2.67221e-17
2.67982e-17
2.68523e-17
2.68884e-17
2.69018e-17
2.68903e-17
2.68523e-17
2.67772e-17
2.66714e-17
2.65276e-17
2.63871e-17
2.62109e-17
2.59875e-17
2.58197e-17
2.56726e-17
2.55216e-17
2.5422e-17
2.5077e-17
2.51404e-17
2.52202e-17
2.54373e-17
2.56293e-17
2.58631e-17
2.6074e-17
2.62928e-17
2.65021e-17
2.66411e-17
2.67522e-17
2.6852e-17
2.69006e-17
2.69239e-17
2.69141e-17
2.68749e-17
2.68183e-17
2.67459e-17
2.67076e-17
2.67965e-17
2.68649e-17
2.69037e-17
2.69236e-17
2.69107e-17
2.68711e-17
2.67998e-17
2.66722e-17
2.65497e-17
2.63561e-17
2.61533e-17
2.59255e-17
2.57097e-17
2.55164e-17
2.53074e-17
2.51748e-17
2.50893e-17
2.50776e-17
2.52306e-17
2.5344e-17
2.55516e-17
2.57345e-17
2.59791e-17
2.62061e-17
2.64149e-17
2.65907e-17
2.67213e-17
2.68228e-17
2.68856e-17
2.69196e-17
2.6921e-17
2.68963e-17
2.68435e-17
2.67685e-17
2.66745e-17
2.67696e-17
2.68397e-17
2.68933e-17
2.69188e-17
2.69205e-17
2.68905e-17
2.68336e-17
2.67185e-17
2.65976e-17
2.64296e-17
2.62325e-17
2.60078e-17
2.58048e-17
2.55646e-17
2.53319e-17
2.52173e-17
2.51113e-17
2.47796e-17
2.4861e-17
2.49634e-17
2.51759e-17
2.53939e-17
2.56356e-17
2.58878e-17
2.61427e-17
2.63625e-17
2.65606e-17
2.6708e-17
2.68104e-17
2.68879e-17
2.69135e-17
2.69149e-17
2.68868e-17
2.68291e-17
2.67437e-17
2.67061e-17
2.67964e-17
2.68654e-17
2.69053e-17
2.69166e-17
2.69021e-17
2.68423e-17
2.67482e-17
2.66049e-17
2.64411e-17
2.62344e-17
2.60051e-17
2.57247e-17
2.548e-17
2.52442e-17
2.50313e-17
2.48771e-17
2.47818e-17
2.48126e-17
2.49326e-17
2.51013e-17
2.53211e-17
2.55501e-17
2.5824e-17
2.60776e-17
2.62965e-17
2.65097e-17
2.66562e-17
2.67786e-17
2.68604e-17
2.6909e-17
2.69183e-17
2.68978e-17
2.6848e-17
2.67701e-17
2.66724e-17
2.67687e-17
2.68435e-17
2.6897e-17
2.69193e-17
2.69115e-17
2.68662e-17
2.6778e-17
2.6668e-17
2.64998e-17
2.63309e-17
2.60858e-17
2.58316e-17
2.55703e-17
2.5309e-17
2.50934e-17
2.49254e-17
2.48126e-17
2.44904e-17
2.45627e-17
2.47268e-17
2.49394e-17
2.51663e-17
2.5438e-17
2.57072e-17
2.6022e-17
2.62799e-17
2.64645e-17
2.66322e-17
2.67534e-17
2.68437e-17
2.68833e-17
2.68869e-17
2.6856e-17
2.67936e-17
2.67003e-17
2.66605e-17
2.67675e-17
2.6843e-17
2.68815e-17
2.68867e-17
2.68612e-17
2.67914e-17
2.6689e-17
2.65236e-17
2.63298e-17
2.60761e-17
2.58291e-17
2.55552e-17
2.52705e-17
2.50074e-17
2.47529e-17
2.46158e-17
2.45159e-17
2.45179e-17
2.46587e-17
2.48453e-17
2.50697e-17
2.5347e-17
2.56692e-17
2.59264e-17
2.61642e-17
2.63914e-17
2.65725e-17
2.67125e-17
2.68132e-17
2.68695e-17
2.68891e-17
2.68727e-17
2.68149e-17
2.67379e-17
2.66226e-17
2.67429e-17
2.68179e-17
2.68683e-17
2.68885e-17
2.68762e-17
2.68181e-17
2.67311e-17
2.6599e-17
2.64171e-17
2.61785e-17
2.59174e-17
2.56414e-17
2.53687e-17
2.5089e-17
2.48602e-17
2.4669e-17
2.45497e-17
2.42955e-17
2.43712e-17
2.45164e-17
2.47091e-17
2.5015e-17
2.5309e-17
2.56158e-17
2.59025e-17
2.61808e-17
2.63811e-17
2.65679e-17
2.66877e-17
2.67859e-17
2.68216e-17
2.68289e-17
2.67953e-17
2.67325e-17
2.66332e-17
2.66041e-17
2.6704e-17
2.67752e-17
2.68164e-17
2.68282e-17
2.68008e-17
2.67347e-17
2.66225e-17
2.64559e-17
2.62369e-17
2.59921e-17
2.57143e-17
2.5391e-17
2.50979e-17
2.48482e-17
2.45807e-17
2.44161e-17
2.43041e-17
2.43299e-17
2.44478e-17
2.46548e-17
2.49022e-17
2.52165e-17
2.55406e-17
2.5805e-17
2.60557e-17
2.62905e-17
2.65074e-17
2.66412e-17
2.67556e-17
2.68031e-17
2.68333e-17
2.68126e-17
2.67609e-17
2.66861e-17
2.65414e-17
2.66694e-17
2.6753e-17
2.6807e-17
2.68336e-17
2.6813e-17
2.67624e-17
2.66722e-17
2.65138e-17
2.63177e-17
2.60975e-17
2.58217e-17
2.54925e-17
2.52098e-17
2.49334e-17
2.46534e-17
2.44695e-17
2.43371e-17
2.41461e-17
2.42195e-17
2.43802e-17
2.46196e-17
2.49272e-17
2.51698e-17
2.55273e-17
2.58154e-17
2.61028e-17
2.63019e-17
2.64798e-17
2.66181e-17
2.67045e-17
2.67394e-17
2.67474e-17
2.6707e-17
2.66343e-17
2.65283e-17
2.65037e-17
2.66062e-17
2.66871e-17
2.67385e-17
2.67524e-17
2.67254e-17
2.66517e-17
2.6545e-17
2.63865e-17
2.61545e-17
2.59056e-17
2.56046e-17
2.52859e-17
2.49978e-17
2.46894e-17
2.44561e-17
2.42721e-17
2.41617e-17
2.41896e-17
2.43252e-17
2.45399e-17
2.47954e-17
2.50856e-17
2.54003e-17
2.56996e-17
2.60035e-17
2.62292e-17
2.64332e-17
2.65842e-17
2.66804e-17
2.67361e-17
2.67505e-17
2.67215e-17
2.66636e-17
2.65797e-17
2.64582e-17
2.65676e-17
2.66608e-17
2.67245e-17
2.67554e-17
2.67394e-17
2.66796e-17
2.65925e-17
2.64289e-17
2.62633e-17
2.60033e-17
2.57537e-17
2.54217e-17
2.50832e-17
2.4805e-17
2.45539e-17
2.43398e-17
2.418e-17
