2.04931e-18
2.50611e-18
4.14384e-18
7.39117e-18
1.50555e-17
2.83844e-17
3.44335e-17
3.39066e-17
3.30442e-17
3.23635e-17
3.19252e-17
3.16055e-17
3.14322e-17
3.1364e-17
3.13384e-17
3.14018e-17
3.15193e-17
3.17189e-17
3.17749e-17
3.15886e-17
3.14445e-17
3.13555e-17
3.13193e-17
3.1372e-17
3.15226e-17
3.17844e-17
3.21777e-17
3.26732e-17
3.36829e-17
3.48018e-17
3.27349e-17
1.87522e-17
9.41698e-18
5.00198e-18
2.83545e-18
2.11474e-18
2.26136e-18
3.304e-18
6.05406e-18
1.158e-17
2.27629e-17
3.43516e-17
3.41962e-17
3.33331e-17
3.24929e-17
3.20466e-17
3.16797e-17
3.14744e-17
3.13589e-17
3.13253e-17
3.13712e-17
3.14622e-17
3.16418e-17
3.18739e-17
3.16235e-17
3.1504e-17
3.13528e-17
3.13436e-17
3.13519e-17
3.14737e-17
3.16611e-17
3.19944e-17
3.25705e-17
3.31613e-17
3.41719e-17
3.41846e-17
2.49861e-17
1.22389e-17
5.84578e-18
3.39553e-18
2.3269e-18
2.52541e-18
3.0089e-18
4.59045e-18
7.78629e-18
1.71193e-17
2.8593e-17
3.48296e-17
3.38818e-17
3.28608e-17
3.22129e-17
3.17929e-17
3.14667e-17
3.12705e-17
3.11753e-17
3.11659e-17
3.12073e-17
3.13239e-17
3.14962e-17
3.15779e-17
3.13613e-17
3.12443e-17
3.11716e-17
3.11707e-17
3.12321e-17
3.13869e-17
3.16552e-17
3.20828e-17
3.26598e-17
3.34792e-17
3.44645e-17
3.29152e-17
2.1239e-17
1.04099e-17
5.44991e-18
3.44169e-18
2.46069e-18
2.71652e-18
3.82708e-18
6.4952e-18
1.32043e-17
2.50007e-17
3.351e-17
3.40877e-17
3.31784e-17
3.25118e-17
3.19267e-17
3.15405e-17
3.13295e-17
3.1202e-17
3.11625e-17
3.11931e-17
3.12693e-17
3.14274e-17
3.16592e-17
3.14389e-17
3.12861e-17
3.11965e-17
3.11665e-17
3.12054e-17
3.13151e-17
3.15469e-17
3.1945e-17
3.24281e-17
3.31709e-17
3.40569e-17
3.40871e-17
2.64171e-17
1.31044e-17
6.58659e-18
3.81956e-18
2.71957e-18
3.79874e-18
4.56969e-18
6.64825e-18
1.13462e-17
1.90876e-17
3.27834e-17
3.42156e-17
3.35119e-17
3.27842e-17
3.21437e-17
3.16959e-17
3.13331e-17
3.11551e-17
3.10653e-17
3.10429e-17
3.10871e-17
3.11759e-17
3.13285e-17
3.14152e-17
3.12228e-17
3.11151e-17
3.10616e-17
3.10538e-17
3.11235e-17
3.12874e-17
3.15691e-17
3.19664e-17
3.25606e-17
3.33235e-17
3.41023e-17
3.42482e-17
2.64766e-17
1.37764e-17
7.6439e-18
5.38276e-18
4.1151e-18
4.16172e-18
5.65647e-18
9.56345e-18
1.6034e-17
3.0222e-17
3.38946e-17
3.39099e-17
3.30234e-17
3.22945e-17
3.18168e-17
3.14273e-17
3.12374e-17
3.10823e-17
3.10432e-17
3.10613e-17
3.11339e-17
3.12657e-17
3.14461e-17
3.12742e-17
3.11484e-17
3.10664e-17
3.10403e-17
3.10858e-17
3.12109e-17
3.14464e-17
3.18027e-17
3.22442e-17
3.29491e-17
3.39422e-17
3.44682e-17
3.0694e-17
1.81124e-17
9.34874e-18
5.70681e-18
4.3667e-18
7.20652e-18
8.47553e-18
1.0879e-17
1.76656e-17
2.9183e-17
3.39298e-17
3.4036e-17
3.31875e-17
3.24499e-17
3.19183e-17
3.15033e-17
3.12786e-17
3.10867e-17
3.09991e-17
3.09726e-17
3.10085e-17
3.10974e-17
3.12613e-17
3.13177e-17
3.11345e-17
3.10312e-17
3.09836e-17
3.09746e-17
3.105e-17
3.11772e-17
3.14163e-17
3.1727e-17
3.22671e-17
3.29326e-17
3.39014e-17
3.44674e-17
3.24396e-17
2.44462e-17
1.40785e-17
8.99334e-18
7.4757e-18
7.44012e-18
1.02159e-17
1.42008e-17
2.48569e-17
3.41852e-17
3.41275e-17
3.35409e-17
3.27315e-17
3.21601e-17
3.16707e-17
3.13252e-17
3.11338e-17
3.10162e-17
3.09716e-17
3.09903e-17
3.10565e-17
3.1187e-17
3.13822e-17
3.12033e-17
3.10653e-17
3.09988e-17
3.09725e-17
3.10078e-17
3.11218e-17
3.13323e-17
3.16238e-17
3.21052e-17
3.26764e-17
3.35773e-17
3.42338e-17
3.40648e-17
2.80457e-17
1.51008e-17
1.02888e-17
7.44667e-18
1.47026e-17
1.72913e-17
2.02779e-17
2.71132e-17
3.38713e-17
3.43885e-17
3.35954e-17
3.2876e-17
3.22503e-17
3.17631e-17
3.13749e-17
3.11632e-17
3.10337e-17
3.0957e-17
3.09469e-17
3.09951e-17
3.10738e-17
3.12088e-17
3.1278e-17
3.11244e-17
3.10158e-17
3.09615e-17
3.09467e-17
3.09866e-17
3.1117e-17
3.13219e-17
3.16227e-17
3.20739e-17
3.2529e-17
3.32909e-17
3.39672e-17
3.43714e-17
3.18877e-17
2.50527e-17
1.80686e-17
1.53553e-17
1.64349e-17
1.97978e-17
2.65264e-17
3.33217e-17
3.46188e-17
3.37784e-17
3.31414e-17
3.24243e-17
3.1879e-17
3.15204e-17
3.12533e-17
3.10649e-17
3.09788e-17
3.09446e-17
3.09697e-17
3.10399e-17
3.11537e-17
3.13244e-17
3.11701e-17
3.10472e-17
3.09743e-17
3.0947e-17
3.09758e-17
3.10574e-17
3.12118e-17
3.14736e-17
3.18602e-17
3.23652e-17
3.29841e-17
3.38236e-17
3.40497e-17
3.32462e-17
2.65662e-17
1.90458e-17
1.54079e-17
2.93701e-17
3.09312e-17
3.28381e-17
3.43446e-17
3.42751e-17
3.37408e-17
3.30166e-17
3.24855e-17
3.19352e-17
3.15375e-17
3.12875e-17
3.11077e-17
3.10057e-17
3.09762e-17
3.09814e-17
3.10349e-17
3.11211e-17
3.12488e-17
3.13037e-17
3.11553e-17
3.10555e-17
3.09892e-17
3.09669e-17
3.09929e-17
3.10712e-17
3.12093e-17
3.14487e-17
3.18116e-17
3.22011e-17
3.27612e-17
3.3431e-17
3.41376e-17
3.43362e-17
3.36695e-17
3.00221e-17
2.90686e-17
2.94917e-17
3.22743e-17
3.39499e-17
3.44525e-17
3.39516e-17
3.32189e-17
3.26236e-17
3.20574e-17
3.16398e-17
3.13793e-17
3.1159e-17
3.1038e-17
3.09766e-17
3.09719e-17
3.10197e-17
3.10876e-17
3.1192e-17
3.13561e-17
3.12086e-17
3.10938e-17
3.10101e-17
3.09714e-17
3.09715e-17
3.10294e-17
3.11492e-17
3.13709e-17
3.16591e-17
3.20697e-17
3.25832e-17
3.32208e-17
3.38421e-17
3.43731e-17
3.43988e-17
3.15569e-17
3.00489e-17
3.46342e-17
3.44974e-17
3.4442e-17
3.39643e-17
3.35435e-17
3.30161e-17
3.25171e-17
3.20924e-17
3.1667e-17
3.13689e-17
3.12017e-17
3.10916e-17
3.10388e-17
3.10463e-17
3.10863e-17
3.11555e-17
3.12584e-17
3.13737e-17
3.14161e-17
3.12929e-17
3.11822e-17
3.11052e-17
3.10463e-17
3.103e-17
3.10633e-17
3.11505e-17
3.13115e-17
3.15783e-17
3.18804e-17
3.23428e-17
3.2831e-17
3.34617e-17
3.38444e-17
3.43023e-17
3.42242e-17
3.41245e-17
3.43565e-17
3.44822e-17
3.40855e-17
3.3671e-17
3.31898e-17
3.26982e-17
3.21599e-17
3.18198e-17
3.14989e-17
3.12523e-17
3.11222e-17
3.1045e-17
3.1034e-17
3.10621e-17
3.11157e-17
3.12175e-17
3.13308e-17
3.14492e-17
3.13394e-17
3.12119e-17
3.11231e-17
3.1078e-17
3.10301e-17
3.10507e-17
3.11081e-17
3.12659e-17
3.14651e-17
3.17489e-17
3.21721e-17
3.26791e-17
3.31405e-17
3.36569e-17
3.41797e-17
3.42753e-17
3.39012e-17
3.39611e-17
3.38348e-17
3.35567e-17
3.31757e-17
3.28182e-17
3.24492e-17
3.20307e-17
3.17473e-17
3.14723e-17
3.12782e-17
3.11698e-17
3.11206e-17
3.11295e-17
3.11863e-17
3.12634e-17
3.13704e-17
3.15063e-17
3.15968e-17
3.16395e-17
3.15259e-17
3.14338e-17
3.13041e-17
3.11943e-17
3.11431e-17
3.11179e-17
3.11459e-17
3.12415e-17
3.13802e-17
3.16039e-17
3.19581e-17
3.23555e-17
3.27128e-17
3.3162e-17
3.34351e-17
3.38201e-17
3.38113e-17
3.38545e-17
3.36115e-17
3.3405e-17
3.29657e-17
3.26306e-17
3.21752e-17
3.18331e-17
3.15346e-17
3.13347e-17
3.12097e-17
3.11279e-17
3.11258e-17
3.11463e-17
3.12292e-17
3.13361e-17
3.14025e-17
3.15787e-17
3.16879e-17
3.15787e-17
3.14536e-17
3.1327e-17
3.12348e-17
3.11743e-17
3.11128e-17
3.11254e-17
3.11914e-17
3.13201e-17
3.15198e-17
3.1798e-17
3.21481e-17
3.25544e-17
3.29275e-17
3.33638e-17
3.37994e-17
3.37388e-17
3.30649e-17
3.29458e-17
3.27186e-17
3.25378e-17
3.22082e-17
3.19605e-17
3.16542e-17
3.14496e-17
3.13085e-17
3.12137e-17
3.11823e-17
3.12221e-17
3.1302e-17
3.13981e-17
3.15806e-17
3.16874e-17
3.18226e-17
3.19658e-17
3.1968e-17
3.18377e-17
3.17476e-17
3.1593e-17
3.14368e-17
3.13036e-17
3.12293e-17
3.1186e-17
3.11911e-17
3.12629e-17
3.14116e-17
3.15981e-17
3.18056e-17
3.21317e-17
3.24173e-17
3.26254e-17
3.28376e-17
3.29793e-17
3.29681e-17
3.28128e-17
3.25541e-17
3.22986e-17
3.20904e-17
3.17467e-17
3.15309e-17
3.1348e-17
3.12409e-17
3.1183e-17
3.12029e-17
3.12635e-17
3.13499e-17
3.14855e-17
3.16626e-17
3.17783e-17
3.19082e-17
3.20289e-17
3.19226e-17
3.18053e-17
3.16659e-17
3.14898e-17
3.13791e-17
3.12585e-17
3.11932e-17
3.11869e-17
3.12302e-17
3.13244e-17
3.15339e-17
3.17373e-17
3.20204e-17
3.23324e-17
3.25392e-17
3.28299e-17
3.29246e-17
3.2379e-17
3.22641e-17
3.21109e-17
3.19215e-17
3.17417e-17
3.15604e-17
3.13976e-17
3.12698e-17
3.12179e-17
3.12081e-17
3.12519e-17
3.1378e-17
3.15121e-17
3.17333e-17
3.19318e-17
3.21659e-17
3.23466e-17
3.25125e-17
3.24914e-17
3.24004e-17
3.22137e-17
3.2025e-17
3.18404e-17
3.15982e-17
3.14321e-17
3.12866e-17
3.12217e-17
3.12031e-17
3.12497e-17
3.13459e-17
3.15114e-17
3.17004e-17
3.1888e-17
3.20134e-17
3.22218e-17
3.23164e-17
3.23653e-17
3.21869e-17
3.1962e-17
3.18276e-17
3.16249e-17
3.14506e-17
3.13326e-17
3.12258e-17
3.12009e-17
3.12255e-17
3.13158e-17
3.14843e-17
3.16659e-17
3.18957e-17
3.21361e-17
3.23342e-17
3.24134e-17
3.25379e-17
3.24386e-17
3.22435e-17
3.21644e-17
3.1928e-17
3.16796e-17
3.14898e-17
3.13132e-17
3.12326e-17
3.12015e-17
3.12381e-17
3.13202e-17
3.14391e-17
3.16276e-17
3.17928e-17
3.20054e-17
3.21299e-17
3.23313e-17
3.1873e-17
3.17832e-17
3.16671e-17
3.15187e-17
3.14103e-17
3.12944e-17
3.12045e-17
3.11703e-17
3.11877e-17
3.1244e-17
3.14149e-17
3.1646e-17
3.1873e-17
3.21719e-17
3.25022e-17
3.28409e-17
3.29952e-17
3.32412e-17
3.32696e-17
3.31285e-17
3.29483e-17
3.25933e-17
3.22492e-17
3.20113e-17
3.17125e-17
3.14745e-17
3.13093e-17
3.11993e-17
3.11721e-17
3.1184e-17
3.1258e-17
3.13609e-17
3.14792e-17
3.16196e-17
3.17294e-17
3.18738e-17
3.18526e-17
3.16461e-17
3.15649e-17
3.14722e-17
3.13233e-17
3.1237e-17
3.11811e-17
3.11674e-17
3.12281e-17
3.13523e-17
3.15377e-17
3.18072e-17
3.20923e-17
3.2364e-17
3.27231e-17
3.30167e-17
3.32504e-17
3.32755e-17
3.31816e-17
3.30337e-17
3.2758e-17
3.24479e-17
3.21182e-17
3.17712e-17
3.15282e-17
3.13505e-17
3.12349e-17
3.11736e-17
3.11847e-17
3.12073e-17
3.1327e-17
3.14766e-17
3.15627e-17
3.16572e-17
3.18303e-17
3.15947e-17
3.14892e-17
3.138e-17
3.12649e-17
3.11705e-17
3.11109e-17
3.10919e-17
3.11232e-17
3.12173e-17
3.13638e-17
3.16285e-17
3.19241e-17
3.23596e-17
3.27731e-17
3.32136e-17
3.35459e-17
3.40412e-17
3.39434e-17
3.42894e-17
3.4067e-17
3.37444e-17
3.33199e-17
3.29079e-17
3.25083e-17
3.20422e-17
3.17286e-17
3.14277e-17
3.12694e-17
3.11352e-17
3.1097e-17
3.11008e-17
3.11494e-17
3.12225e-17
3.1326e-17
3.14244e-17
3.15598e-17
3.15308e-17
3.14418e-17
3.12853e-17
3.11993e-17
3.1127e-17
3.1098e-17
3.1103e-17
3.11727e-17
3.12987e-17
3.14954e-17
3.18007e-17
3.21898e-17
3.26105e-17
3.3108e-17
3.34829e-17
3.3872e-17
3.39238e-17
3.39616e-17
3.42078e-17
3.37643e-17
3.36307e-17
3.30525e-17
3.2591e-17
3.21843e-17
3.18244e-17
3.15363e-17
3.13123e-17
3.11758e-17
3.1111e-17
3.10908e-17
3.11341e-17
3.11888e-17
3.12919e-17
3.13931e-17
3.15263e-17
3.13995e-17
3.12789e-17
3.11762e-17
3.1077e-17
3.10216e-17
3.10107e-17
3.10445e-17
3.11211e-17
3.12989e-17
3.15398e-17
3.18622e-17
3.23158e-17
3.27995e-17
3.34664e-17
3.40844e-17
3.42209e-17
3.45108e-17
3.33603e-17
3.37825e-17
3.44901e-17
3.43862e-17
3.41929e-17
3.36419e-17
3.31267e-17
3.24957e-17
3.19982e-17
3.16224e-17
3.13846e-17
3.11657e-17
3.10607e-17
3.10105e-17
3.10316e-17
3.107e-17
3.11412e-17
3.12367e-17
3.13631e-17
3.13273e-17
3.11841e-17
3.11116e-17
3.10397e-17
3.10078e-17
3.10186e-17
3.10909e-17
3.12387e-17
3.14265e-17
3.17614e-17
3.20777e-17
3.26385e-17
3.31594e-17
3.38587e-17
3.44274e-17
3.44458e-17
3.35847e-17
3.46873e-17
3.43222e-17
3.41173e-17
3.37974e-17
3.38092e-17
3.32491e-17
3.26549e-17
3.21537e-17
3.17801e-17
3.14539e-17
3.12169e-17
3.10914e-17
3.10282e-17
3.10084e-17
3.10454e-17
3.11011e-17
3.11965e-17
3.13287e-17
3.13409e-17
3.11873e-17
3.10654e-17
3.09922e-17
3.09588e-17
3.09647e-17
3.10427e-17
3.1175e-17
3.14124e-17
3.17352e-17
3.22321e-17
3.27816e-17
3.34457e-17
3.42161e-17
3.43293e-17
3.32945e-17
2.95245e-17
2.53923e-17
2.42564e-17
2.70864e-17
3.02283e-17
3.47227e-17
3.41439e-17
3.37395e-17
3.30099e-17
3.24161e-17
3.18622e-17
3.15292e-17
3.12538e-17
3.10831e-17
3.09832e-17
3.09579e-17
3.09767e-17
3.10387e-17
3.11444e-17
3.12875e-17
3.12251e-17
3.11062e-17
3.10103e-17
3.09625e-17
3.09557e-17
3.10134e-17
3.11275e-17
3.13107e-17
3.1601e-17
3.20001e-17
3.25586e-17
3.31801e-17
3.38819e-17
3.44152e-17
3.36468e-17
3.11486e-17
2.58303e-17
2.45523e-17
2.50131e-17
3.02528e-17
3.3604e-17
3.48108e-17
3.40088e-17
3.32775e-17
3.25863e-17
3.20108e-17
3.16048e-17
3.13481e-17
3.11358e-17
3.10128e-17
3.09604e-17
3.09626e-17
3.10131e-17
3.1108e-17
3.12073e-17
3.13462e-17
3.11658e-17
3.1042e-17
3.09776e-17
3.09501e-17
3.09821e-17
3.10919e-17
3.12477e-17
3.15441e-17
3.19511e-17
3.24859e-17
3.32147e-17
3.40097e-17
3.43508e-17
3.10851e-17
2.27473e-17
1.48258e-17
1.21665e-17
1.28992e-17
1.43476e-17
1.99535e-17
2.69936e-17
3.42377e-17
3.44395e-17
3.35029e-17
3.26985e-17
3.21234e-17
3.17047e-17
3.13473e-17
3.11385e-17
3.10077e-17
3.09551e-17
3.0959e-17
3.10151e-17
3.11154e-17
3.12553e-17
3.1221e-17
3.10817e-17
3.09953e-17
3.09525e-17
3.09616e-17
3.10296e-17
3.11948e-17
3.14316e-17
3.17829e-17
3.22563e-17
3.2888e-17
3.36923e-17
3.44078e-17
3.31223e-17
2.6219e-17
1.79879e-17
1.32535e-17
1.22687e-17
1.34349e-17
1.72275e-17
2.59172e-17
3.29412e-17
3.44197e-17
3.37094e-17
3.294e-17
3.23677e-17
3.18036e-17
3.14725e-17
3.12037e-17
3.10436e-17
3.0964e-17
3.09509e-17
3.09858e-17
3.10621e-17
3.12091e-17
3.13904e-17
3.12177e-17
3.10802e-17
3.10224e-17
3.09855e-17
3.10307e-17
3.115e-17
3.1386e-17
3.1675e-17
3.21761e-17
3.27738e-17
3.37059e-17
3.42706e-17
3.19776e-17
2.28984e-17
1.26496e-17
8.43778e-18
6.52584e-18
6.18349e-18
7.46006e-18
1.0548e-17
1.88842e-17
3.07917e-17
3.42122e-17
3.39781e-17
3.30114e-17
3.23816e-17
3.18423e-17
3.14558e-17
3.12246e-17
3.10709e-17
3.10053e-17
3.09976e-17
3.10597e-17
3.11633e-17
3.13363e-17
3.12673e-17
3.11031e-17
3.10342e-17
3.09937e-17
3.10082e-17
3.11094e-17
3.12827e-17
3.15939e-17
3.19898e-17
3.26311e-17
3.34782e-17
3.41805e-17
3.37055e-17
2.70582e-17
1.65885e-17
1.00095e-17
6.69487e-18
5.85342e-18
6.96127e-18
8.78484e-18
1.49051e-17
2.75369e-17
3.39559e-17
3.40456e-17
3.32299e-17
3.26124e-17
3.197e-17
3.15576e-17
3.12856e-17
3.10994e-17
3.10121e-17
3.09874e-17
3.10277e-17
3.11032e-17
3.12573e-17
3.15188e-17
3.1312e-17
3.11752e-17
3.10945e-17
3.10792e-17
3.11255e-17
3.12498e-17
3.15031e-17
3.1829e-17
3.23903e-17
3.3056e-17
3.40146e-17
3.45738e-17
2.75475e-17
1.49875e-17
8.02316e-18
4.84118e-18
3.58846e-18
3.43687e-18
4.54374e-18
6.63201e-18
1.23956e-17
2.24252e-17
3.30515e-17
3.43732e-17
3.33071e-17
3.26002e-17
3.20149e-17
3.16173e-17
3.13194e-17
3.11519e-17
3.10845e-17
3.10834e-17
3.11378e-17
3.12634e-17
3.14409e-17
3.13723e-17
3.12302e-17
3.11315e-17
3.10808e-17
3.11036e-17
3.1198e-17
3.13881e-17
3.17035e-17
3.21278e-17
3.28045e-17
3.37665e-17
3.43893e-17
3.24152e-17
1.912e-17
1.05483e-17
5.87674e-18
3.85073e-18
3.26566e-18
3.79488e-18
5.57237e-18
9.69298e-18
1.90862e-17
3.25388e-17
3.36629e-17
3.36211e-17
3.27686e-17
3.22281e-17
3.17184e-17
3.13888e-17
3.11917e-17
3.11003e-17
3.10776e-17
3.11303e-17
3.12138e-17
3.13651e-17
3.17152e-17
3.14779e-17
3.1351e-17
3.12396e-17
3.12191e-17
3.12401e-17
3.13788e-17
3.15709e-17
3.19438e-17
3.25175e-17
3.31959e-17
3.41131e-17
3.39864e-17
2.42405e-17
1.24519e-17
6.26192e-18
3.58842e-18
2.53336e-18
2.26672e-18
3.06714e-18
4.88128e-18
9.51676e-18
2.04934e-17
3.24365e-17
3.44949e-17
3.35489e-17
3.27467e-17
3.21238e-17
3.17168e-17
3.14396e-17
3.12691e-17
3.12099e-17
3.12234e-17
3.13128e-17
3.14095e-17
3.15979e-17
3.15931e-17
3.13612e-17
3.12631e-17
3.1243e-17
3.12285e-17
3.13221e-17
3.15102e-17
3.18071e-17
3.23036e-17
3.29563e-17
3.38838e-17
3.47763e-17
3.00281e-17
1.62601e-17
7.47553e-18
4.41518e-18
2.64683e-18
2.25631e-18
2.62761e-18
4.20434e-18
7.99185e-18
1.48462e-17
2.78703e-17
3.48873e-17
3.38161e-17
3.29853e-17
3.23191e-17
3.18382e-17
3.15136e-17
3.13345e-17
3.12406e-17
3.12129e-17
3.12619e-17
3.13599e-17
3.15475e-17
3.17877e-17
3.15551e-17
3.13975e-17
3.13139e-17
3.12809e-17
3.13011e-17
3.14367e-17
3.16107e-17
3.19947e-17
3.24804e-17
3.32662e-17
3.41689e-17
3.4165e-17
2.45799e-17
1.21621e-17
6.06095e-18
3.42894e-18
2.25571e-18
2.16051e-18
2.89008e-18
4.87347e-18
8.52863e-18
1.93657e-17
3.20844e-17
3.45771e-17
3.36028e-17
3.28093e-17
3.21851e-17
3.17387e-17
3.1469e-17
3.13309e-17
3.12889e-17
3.12836e-17
3.13403e-17
3.14844e-17
3.17095e-17
3.16602e-17
3.14586e-17
3.13317e-17
3.12788e-17
3.12899e-17
3.13656e-17
3.15666e-17
3.18822e-17
3.23181e-17
3.29793e-17
3.4e-17
3.47286e-17
2.98378e-17
1.62689e-17
7.60862e-18
4.16396e-18
2.5473e-18
2.1091e-18
2.57882e-18
3.93903e-18
6.94227e-18
1.46702e-17
2.94932e-17
3.47882e-17
3.38444e-17
3.30368e-17
3.23463e-17
3.19193e-17
3.15598e-17
3.13766e-17
3.13028e-17
3.12679e-17
3.13548e-17
3.14432e-17
3.16327e-17
3.15899e-17
3.13777e-17
3.12344e-17
3.11431e-17
3.11266e-17
3.11679e-17
3.12902e-17
3.1547e-17
3.19158e-17
3.2447e-17
3.31235e-17
3.4024e-17
3.44198e-17
2.68324e-17
1.40566e-17
6.70829e-18
4.24561e-18
2.99783e-18
2.99752e-18
3.61321e-18
6.05348e-18
1.0958e-17
2.11738e-17
3.20958e-17
3.45002e-17
3.33857e-17
3.26585e-17
3.20445e-17
3.16256e-17
3.13406e-17
3.1195e-17
3.11206e-17
3.11284e-17
3.11906e-17
3.1322e-17
3.14926e-17
3.14234e-17
3.12782e-17
3.11539e-17
3.11164e-17
3.11507e-17
3.12456e-17
3.14304e-17
3.17632e-17
3.22071e-17
3.28903e-17
3.37769e-17
3.44579e-17
3.0568e-17
1.82695e-17
9.19713e-18
5.09307e-18
3.36698e-18
2.82766e-18
3.26415e-18
5.01953e-18
8.55074e-18
1.68166e-17
3.07633e-17
3.4284e-17
3.38713e-17
3.28713e-17
3.2228e-17
3.17589e-17
3.14406e-17
3.12409e-17
3.11412e-17
3.11214e-17
3.11675e-17
3.12699e-17
3.14072e-17
3.14234e-17
3.12424e-17
3.11144e-17
3.10378e-17
3.10147e-17
3.10588e-17
3.11771e-17
3.14291e-17
3.17397e-17
3.22538e-17
3.29301e-17
3.38424e-17
3.43426e-17
3.06766e-17
1.90192e-17
1.13114e-17
6.92195e-18
4.73975e-18
4.86942e-18
6.07682e-18
9.02434e-18
1.52977e-17
2.74762e-17
3.43305e-17
3.40837e-17
3.32031e-17
3.24204e-17
3.19177e-17
3.15037e-17
3.12602e-17
3.10975e-17
3.1022e-17
3.10112e-17
3.10765e-17
3.11768e-17
3.13597e-17
3.13101e-17
3.11404e-17
3.10599e-17
3.10176e-17
3.10372e-17
3.113e-17
3.13102e-17
3.16251e-17
3.20935e-17
3.26187e-17
3.35962e-17
3.41825e-17
3.3171e-17
2.34429e-17
1.31842e-17
7.75028e-18
5.57615e-18
4.87934e-18
5.37889e-18
7.71628e-18
1.33511e-17
2.29092e-17
3.2228e-17
3.42784e-17
3.34358e-17
3.2621e-17
3.20651e-17
3.16398e-17
3.13536e-17
3.11358e-17
3.10423e-17
3.10102e-17
3.10487e-17
3.11345e-17
3.13015e-17
3.13597e-17
3.11819e-17
3.10527e-17
3.0988e-17
3.09605e-17
3.09949e-17
3.1107e-17
3.12855e-17
3.15981e-17
3.20467e-17
3.26067e-17
3.33647e-17
3.4155e-17
3.4238e-17
2.82318e-17
1.77122e-17
1.27474e-17
9.51559e-18
9.547e-18
1.09176e-17
1.57139e-17
2.47118e-17
3.29523e-17
3.43512e-17
3.37053e-17
3.28671e-17
3.22272e-17
3.17317e-17
3.13999e-17
3.11718e-17
3.10285e-17
3.09636e-17
3.09639e-17
3.10161e-17
3.11257e-17
3.12918e-17
3.12407e-17
3.10882e-17
3.09945e-17
3.09585e-17
3.09686e-17
3.10514e-17
3.12178e-17
3.14918e-17
3.18768e-17
3.23376e-17
3.31063e-17
3.39029e-17
3.4471e-17
3.06918e-17
2.2706e-17
1.35707e-17
1.0054e-17
8.65378e-18
9.95323e-18
1.30107e-17
2.14412e-17
3.11039e-17
3.41437e-17
3.39547e-17
3.30815e-17
3.24648e-17
3.19068e-17
3.14834e-17
3.12348e-17
3.10807e-17
3.09795e-17
3.09561e-17
3.09899e-17
3.10828e-17
3.12212e-17
3.13291e-17
3.11601e-17
3.10542e-17
3.09844e-17
3.09461e-17
3.0967e-17
3.10506e-17
3.12017e-17
3.1451e-17
3.18298e-17
3.23224e-17
3.28493e-17
3.38349e-17
3.41957e-17
3.40247e-17
3.06881e-17
2.46501e-17
2.05013e-17
1.95329e-17
2.26629e-17
2.85776e-17
3.33183e-17
3.42083e-17
3.38366e-17
3.3204e-17
3.2475e-17
3.19404e-17
3.1564e-17
3.1282e-17
3.11105e-17
3.09973e-17
3.09482e-17
3.09642e-17
3.10201e-17
3.11161e-17
3.12627e-17
3.12051e-17
3.1091e-17
3.1002e-17
3.09504e-17
3.09525e-17
3.10108e-17
3.11257e-17
3.13546e-17
3.16771e-17
3.21194e-17
3.27279e-17
3.34601e-17
3.40868e-17
3.41956e-17
3.18353e-17
2.61057e-17
2.11525e-17
2.04834e-17
2.06603e-17
2.60526e-17
3.17054e-17
3.41544e-17
3.42657e-17
3.35312e-17
3.2708e-17
3.21431e-17
3.16412e-17
3.13713e-17
3.1152e-17
3.10201e-17
3.0959e-17
3.09524e-17
3.09963e-17
3.10798e-17
3.12128e-17
3.13774e-17
3.12328e-17
3.11303e-17
3.10371e-17
3.09929e-17
3.0987e-17
3.10365e-17
3.11391e-17
3.13391e-17
3.15869e-17
3.19931e-17
3.25348e-17
3.30108e-17
3.37238e-17
3.42918e-17
3.44238e-17
3.30692e-17
3.1962e-17
3.29387e-17
3.33005e-17
3.42234e-17
3.43199e-17
3.39719e-17
3.33053e-17
3.27194e-17
3.21371e-17
3.17388e-17
3.14178e-17
3.11943e-17
3.1065e-17
3.1e-17
3.09881e-17
3.10238e-17
3.10892e-17
3.11815e-17
3.13291e-17
3.13051e-17
3.11615e-17
3.10637e-17
3.10026e-17
3.09862e-17
3.10129e-17
3.10928e-17
3.12794e-17
3.14617e-17
3.18385e-17
3.22841e-17
3.27831e-17
3.33441e-17
3.4096e-17
3.42689e-17
3.44645e-17
3.25564e-17
3.19162e-17
3.28363e-17
3.32556e-17
3.41078e-17
3.41185e-17
3.3536e-17
3.29282e-17
3.22781e-17
3.18506e-17
3.15312e-17
3.125e-17
3.11036e-17
3.10142e-17
3.09888e-17
3.10027e-17
3.10618e-17
3.11591e-17
3.12787e-17
3.15163e-17
3.14045e-17
3.12827e-17
3.11618e-17
3.11164e-17
3.10661e-17
3.10622e-17
3.11037e-17
3.12436e-17
3.14325e-17
3.1687e-17
3.20264e-17
3.2571e-17
3.28802e-17
3.34946e-17
3.4137e-17
3.39724e-17
3.42828e-17
3.43739e-17
3.43796e-17
3.39657e-17
3.37282e-17
3.31706e-17
3.27021e-17
3.21966e-17
3.18316e-17
3.15344e-17
3.12879e-17
3.11431e-17
3.10831e-17
3.10601e-17
3.10874e-17
3.1164e-17
3.12508e-17
3.13611e-17
3.14764e-17
3.14395e-17
3.1327e-17
3.12128e-17
3.11283e-17
3.1078e-17
3.10529e-17
3.10892e-17
3.11867e-17
3.13526e-17
3.16052e-17
3.19504e-17
3.23841e-17
3.27859e-17
3.33018e-17
3.3876e-17
3.42132e-17
3.42483e-17
3.43451e-17
3.44728e-17
3.39604e-17
3.37927e-17
3.32704e-17
3.28507e-17
3.24268e-17
3.19759e-17
3.16022e-17
3.13589e-17
3.11927e-17
3.1101e-17
3.10616e-17
3.10777e-17
3.11178e-17
3.1219e-17
3.13059e-17
3.14255e-17
3.17802e-17
3.16684e-17
3.15229e-17
3.142e-17
3.13075e-17
3.12086e-17
3.11621e-17
3.11471e-17
3.11857e-17
3.12886e-17
3.14848e-17
3.16896e-17
3.20089e-17
3.23024e-17
3.26861e-17
3.31266e-17
3.34036e-17
3.35415e-17
3.36126e-17
3.33917e-17
3.32326e-17
3.27896e-17
3.24942e-17
3.21446e-17
3.18163e-17
3.15389e-17
3.13409e-17
3.12117e-17
3.11482e-17
3.11543e-17
3.11867e-17
3.12947e-17
3.13899e-17
3.15202e-17
3.16419e-17
3.16999e-17
3.16816e-17
3.15649e-17
3.14638e-17
3.13418e-17
3.12332e-17
3.11803e-17
3.11353e-17
3.11658e-17
3.123e-17
3.14102e-17
3.16027e-17
3.19013e-17
3.22229e-17
3.25889e-17
3.29705e-17
3.32848e-17
3.34913e-17
3.36484e-17
3.35406e-17
3.33938e-17
3.30125e-17
3.26473e-17
3.23181e-17
3.19259e-17
3.16682e-17
3.13987e-17
3.12444e-17
3.11675e-17
3.11403e-17
3.11755e-17
3.12431e-17
3.13453e-17
3.14786e-17
3.15661e-17
3.17172e-17
3.21608e-17
3.2071e-17
3.19194e-17
3.17833e-17
3.16049e-17
3.1451e-17
3.13052e-17
3.12242e-17
3.11956e-17
3.12201e-17
3.1289e-17
3.14428e-17
3.16254e-17
3.18273e-17
3.21497e-17
3.23741e-17
3.25879e-17
3.27572e-17
3.27621e-17
3.26281e-17
3.24044e-17
3.22374e-17
3.19597e-17
3.17219e-17
3.14947e-17
3.13415e-17
3.1237e-17
3.11911e-17
3.1221e-17
3.12727e-17
3.14015e-17
3.15576e-17
3.1667e-17
3.18937e-17
3.20487e-17
3.21709e-17
3.21243e-17
3.1944e-17
3.18469e-17
3.16843e-17
3.14945e-17
3.1368e-17
3.12534e-17
3.12041e-17
3.12017e-17
3.12676e-17
3.13915e-17
3.15849e-17
3.18007e-17
3.20401e-17
3.22997e-17
3.25011e-17
3.26966e-17
3.2685e-17
3.27196e-17
3.24449e-17
3.22912e-17
3.20854e-17
3.18222e-17
3.15777e-17
3.14066e-17
3.12728e-17
3.12045e-17
3.12065e-17
3.12535e-17
3.13657e-17
3.15136e-17
3.16934e-17
3.18098e-17
3.19822e-17
3.21077e-17
3.27329e-17
3.26184e-17
3.24449e-17
3.22912e-17
3.20384e-17
3.18222e-17
3.15564e-17
3.13749e-17
3.12637e-17
3.12045e-17
3.12104e-17
3.12535e-17
3.13764e-17
3.15136e-17
3.16934e-17
3.18468e-17
3.19952e-17
3.21823e-17
3.21851e-17
3.20273e-17
3.18784e-17
3.17086e-17
3.15679e-17
3.14443e-17
3.12805e-17
3.12138e-17
3.11959e-17
3.12458e-17
3.13349e-17
3.14867e-17
3.17139e-17
3.19575e-17
3.21524e-17
3.24696e-17
3.26041e-17
3.27493e-17
3.27281e-17
3.25821e-17
3.23263e-17
3.20913e-17
3.19027e-17
3.16251e-17
3.14717e-17
3.12985e-17
3.12214e-17
3.1197e-17
3.12367e-17
3.13431e-17
3.14475e-17
3.16081e-17
3.1781e-17
3.19133e-17
3.21109e-17
3.21631e-17
3.20932e-17
3.19643e-17
3.17904e-17
3.16145e-17
3.14755e-17
3.13379e-17
3.12415e-17
3.11956e-17
3.12201e-17
3.1289e-17
3.14428e-17
3.16216e-17
3.18273e-17
3.20976e-17
3.23741e-17
3.25434e-17
3.27281e-17
3.37324e-17
3.35406e-17
3.32946e-17
3.29702e-17
3.26473e-17
3.22839e-17
3.19259e-17
3.16059e-17
3.13719e-17
3.12444e-17
3.11675e-17
3.1148e-17
3.11755e-17
3.12431e-17
3.13453e-17
3.14862e-17
3.16058e-17
3.17205e-17
3.17443e-17
3.16346e-17
3.14997e-17
3.13876e-17
3.12826e-17
3.12093e-17
3.1152e-17
3.11543e-17
3.12168e-17
3.13191e-17
3.15291e-17
3.17921e-17
3.21162e-17
3.24608e-17
3.28209e-17
3.30786e-17
3.34699e-17
3.35268e-17
3.35533e-17
3.33745e-17
3.31784e-17
3.27586e-17
3.23497e-17
3.19918e-17
3.17342e-17
3.14624e-17
3.12883e-17
3.11888e-17
3.11434e-17
3.11638e-17
3.12505e-17
3.13272e-17
3.14326e-17
3.15915e-17
3.1644e-17
3.17624e-17
3.16684e-17
3.15325e-17
3.1455e-17
3.13075e-17
3.12247e-17
3.11683e-17
3.11471e-17
3.11857e-17
3.12809e-17
3.14135e-17
3.16896e-17
3.19835e-17
3.23024e-17
3.26861e-17
3.30762e-17
3.34036e-17
3.35415e-17
3.45174e-17
3.44728e-17
3.39712e-17
3.37522e-17
3.32704e-17
3.28507e-17
3.22887e-17
3.19118e-17
3.16022e-17
3.13327e-17
3.11904e-17
3.11007e-17
3.10616e-17
3.1087e-17
3.11378e-17
3.1219e-17
3.13251e-17
3.14352e-17
3.14839e-17
3.137e-17
3.12349e-17
3.11506e-17
3.11056e-17
3.10731e-17
3.10758e-17
3.11481e-17
3.12927e-17
3.1509e-17
3.18088e-17
3.21448e-17
3.25848e-17
3.30756e-17
3.37277e-17
3.42319e-17
3.40283e-17
3.44477e-17
3.43528e-17
3.41579e-17
3.40531e-17
3.33964e-17
3.29914e-17
3.24466e-17
3.20725e-17
3.17151e-17
3.14311e-17
3.1219e-17
3.11207e-17
3.1062e-17
3.10673e-17
3.11007e-17
3.11727e-17
3.12982e-17
3.13702e-17
3.14996e-17
3.14183e-17
3.12906e-17
3.12127e-17
3.11164e-17
3.10752e-17
3.10622e-17
3.11037e-17
3.12178e-17
3.1413e-17
3.1687e-17
3.20124e-17
3.24114e-17
3.28684e-17
3.34793e-17
3.40344e-17
3.39901e-17
3.42828e-17
3.24111e-17
3.28363e-17
3.36395e-17
3.40905e-17
3.41232e-17
3.3359e-17
3.28181e-17
3.22631e-17
3.18506e-17
3.15165e-17
3.12494e-17
3.10989e-17
3.10132e-17
3.09939e-17
3.10027e-17
3.10657e-17
3.11591e-17
3.1305e-17
3.13223e-17
3.1184e-17
3.10855e-17
3.10262e-17
3.09866e-17
3.09975e-17
3.1052e-17
3.1183e-17
3.13859e-17
3.17263e-17
3.21191e-17
3.26854e-17
3.31207e-17
3.39343e-17
3.45538e-17
3.43335e-17
3.22832e-17
3.23524e-17
3.19182e-17
3.31113e-17
3.42467e-17
3.41281e-17
3.36601e-17
3.30639e-17
3.2444e-17
3.19926e-17
3.16046e-17
3.13311e-17
3.11422e-17
3.10341e-17
3.09924e-17
3.09951e-17
3.10376e-17
3.11258e-17
3.12426e-17
3.13776e-17
3.12328e-17
3.11303e-17
3.10438e-17
3.09956e-17
3.0989e-17
3.10365e-17
3.11391e-17
3.13147e-17
3.15869e-17
3.19931e-17
3.24645e-17
3.28926e-17
3.3657e-17
3.41689e-17
3.44238e-17
3.33493e-17
3.31634e-17
1.87159e-17
2.07829e-17
2.66686e-17
3.2508e-17
3.41035e-17
3.42657e-17
3.34149e-17
3.2708e-17
3.20804e-17
3.16412e-17
3.13383e-17
3.1152e-17
3.10162e-17
3.09544e-17
3.09524e-17
3.10053e-17
3.10817e-17
3.1223e-17
3.12795e-17
3.11297e-17
3.1023e-17
3.09693e-17
3.09482e-17
3.09875e-17
3.10952e-17
3.1262e-17
3.15557e-17
3.19402e-17
3.2538e-17
3.32146e-17
3.38905e-17
3.45439e-17
3.31039e-17
2.87098e-17
2.30705e-17
1.91327e-17
2.10716e-17
2.43457e-17
2.97174e-17
3.44248e-17
3.43552e-17
3.36959e-17
3.2959e-17
3.23265e-17
3.18163e-17
3.1457e-17
3.12e-17
3.10525e-17
3.09697e-17
3.09466e-17
3.09822e-17
3.10494e-17
3.11594e-17
3.13162e-17
3.11695e-17
3.10542e-17
3.09844e-17
3.09478e-17
3.09628e-17
3.1046e-17
3.12017e-17
3.1451e-17
3.18052e-17
3.23224e-17
3.28493e-17
3.38349e-17
3.43289e-17
3.40247e-17
3.06881e-17
2.57285e-17
2.07741e-17
9.51328e-18
1.04683e-17
1.50183e-17
2.26117e-17
3.13924e-17
3.42357e-17
3.39547e-17
3.30645e-17
3.24047e-17
3.1856e-17
3.14834e-17
3.12196e-17
3.10476e-17
3.09795e-17
3.09585e-17
3.09974e-17
3.10828e-17
3.12364e-17
3.12844e-17
3.11308e-17
3.10216e-17
3.09638e-17
3.09628e-17
3.10271e-17
3.11544e-17
3.13983e-17
3.17075e-17
3.22056e-17
3.28086e-17
3.36968e-17
3.42652e-17
3.34295e-17
2.62744e-17
1.58466e-17
1.09388e-17
9.46238e-18
9.94279e-18
1.26613e-17
1.90136e-17
2.88488e-17
3.39507e-17
3.43271e-17
3.33489e-17
3.2599e-17
3.20962e-17
3.16145e-17
3.12972e-17
3.11277e-17
3.09998e-17
3.09547e-17
3.09728e-17
3.10448e-17
3.11652e-17
3.1341e-17
3.11909e-17
3.10519e-17
3.0988e-17
3.09578e-17
3.09949e-17
3.11035e-17
3.12855e-17
3.16083e-17
3.20467e-17
3.26067e-17
3.33647e-17
3.41214e-17
3.4238e-17
2.85642e-17
1.93334e-17
1.289e-17
9.77843e-18
4.88296e-18
5.37889e-18
7.89458e-18
1.33511e-17
2.28918e-17
3.2228e-17
3.42784e-17
3.34358e-17
3.2621e-17
3.20536e-17
3.15944e-17
3.13239e-17
3.11358e-17
3.10423e-17
3.10102e-17
3.10487e-17
3.11345e-17
3.12899e-17
3.13673e-17
3.1201e-17
3.10791e-17
3.10121e-17
3.10158e-17
3.10951e-17
3.12435e-17
3.15114e-17
3.18886e-17
3.24528e-17
3.30855e-17
3.39908e-17
3.48328e-17
2.95689e-17
1.56095e-17
8.85381e-18
6.32689e-18
4.85016e-18
5.40851e-18
6.7552e-18
1.13839e-17
2.06117e-17
3.09564e-17
3.41169e-17
3.37576e-17
3.29578e-17
3.22833e-17
3.18048e-17
3.1428e-17
3.11826e-17
3.10716e-17
3.10134e-17
3.103e-17
3.10945e-17
3.12397e-17
3.14296e-17
3.12424e-17
3.11108e-17
3.10437e-17
3.10147e-17
3.10478e-17
3.11771e-17
3.13626e-17
3.17397e-17
3.21787e-17
3.28884e-17
3.37571e-17
3.43426e-17
3.06766e-17
1.95095e-17
1.1504e-17
7.33713e-18
5.40612e-18
2.78037e-18
3.3989e-18
5.10678e-18
9.02137e-18
1.76166e-17
3.07633e-17
3.4284e-17
3.38027e-17
3.28469e-17
3.2228e-17
3.17589e-17
3.14124e-17
3.12409e-17
3.11273e-17
3.11213e-17
3.11675e-17
3.12777e-17
3.14363e-17
3.15262e-17
3.1312e-17
3.11882e-17
3.11318e-17
3.11277e-17
3.12022e-17
3.13466e-17
3.16247e-17
3.2031e-17
3.2625e-17
3.33675e-17
3.42938e-17
3.31149e-17
2.19658e-17
1.13464e-17
6.23448e-18
3.83288e-18
2.93448e-18
3.0423e-18
4.3422e-18
6.98634e-18
1.40306e-17
2.58282e-17
3.33343e-17
3.40462e-17
3.31886e-17
3.24048e-17
3.19117e-17
3.15304e-17
3.12992e-17
3.11646e-17
3.11161e-17
3.1137e-17
3.12296e-17
3.1365e-17
3.15752e-17
3.13777e-17
3.12344e-17
3.11431e-17
3.11266e-17
3.11679e-17
3.12902e-17
3.1547e-17
3.18703e-17
3.24165e-17
3.31235e-17
3.39712e-17
3.44198e-17
2.67628e-17
1.38281e-17
7.43927e-18
4.2969e-18
3.03303e-18
2.11145e-18
2.57882e-18
3.93903e-18
6.94227e-18
1.5447e-17
2.94932e-17
3.47978e-17
3.38444e-17
3.30368e-17
3.23463e-17
3.18873e-17
3.15598e-17
3.13766e-17
3.12796e-17
3.12679e-17
3.1341e-17
3.14432e-17
3.16327e-17
3.16902e-17
3.14874e-17
3.13474e-17
3.12813e-17
3.12798e-17
3.13343e-17
3.14941e-17
3.1715e-17
3.21532e-17
3.26881e-17
3.35295e-17
3.47194e-17
3.2546e-17
1.96471e-17
9.34292e-18
4.99361e-18
2.93015e-18
2.14662e-18
2.34328e-18
3.42176e-18
5.71654e-18
1.1977e-17
2.29197e-17
3.3836e-17
3.40754e-17
3.33042e-17
3.24777e-17
3.20435e-17
3.16299e-17
3.14198e-17
3.13133e-17
3.12621e-17
3.13009e-17
3.13939e-17
3.15389e-17
3.17741e-17
3.15551e-17
3.14028e-17
3.13139e-17
3.1276e-17
3.12972e-17
3.13887e-17
3.16107e-17
3.19947e-17
3.24854e-17
3.31951e-17
3.41606e-17
3.4165e-17
2.68065e-17
1.21621e-17
6.06095e-18
3.42894e-18
2.3273e-18
2.23863e-18
2.71136e-18
4.20434e-18
7.99185e-18
1.67055e-17
2.90112e-17
3.48873e-17
3.38164e-17
3.29853e-17
3.22892e-17
3.18069e-17
3.15044e-17
3.13232e-17
3.1225e-17
3.12217e-17
3.12619e-17
3.1406e-17
3.15745e-17
3.16173e-17
3.14374e-17
3.13183e-17
3.12346e-17
3.12212e-17
3.12999e-17
3.14164e-17
3.16898e-17
3.21257e-17
3.26356e-17
3.35907e-17
3.4603e-17
3.28506e-17
1.90342e-17
9.86453e-18
5.1479e-18
3.05642e-18
2.26401e-18
2.44729e-18
3.51852e-18
6.33621e-18
1.20494e-17
2.30204e-17
3.39641e-17
3.4108e-17
3.32242e-17
3.25346e-17
3.20083e-17
3.16259e-17
3.13844e-17
3.12444e-17
3.12119e-17
3.12645e-17
3.13356e-17
3.14752e-17
3.16844e-17
3.14779e-17
3.1351e-17
3.12396e-17
3.12191e-17
3.12401e-17
3.13574e-17
3.15709e-17
3.19438e-17
3.24918e-17
3.31177e-17
3.40812e-17
3.39864e-17
2.51518e-17
1.24519e-17
6.26192e-18
3.67069e-18
2.45153e-18
3.29543e-18
3.79488e-18
5.61976e-18
9.8836e-18
1.91853e-17
3.25388e-17
3.36629e-17
3.36211e-17
3.27686e-17
3.22281e-17
3.17184e-17
3.13902e-17
3.11917e-17
3.11003e-17
3.10882e-17
3.11303e-17
3.12227e-17
3.13948e-17
3.14444e-17
3.12639e-17
3.11627e-17
3.10881e-17
3.10938e-17
3.11555e-17
3.13063e-17
3.15618e-17
3.19813e-17
3.25524e-17
3.32665e-17
3.43383e-17
3.35311e-17
2.42311e-17
1.22257e-17
6.88804e-18
4.33776e-18
3.25202e-18
3.53635e-18
4.90743e-18
8.11249e-18
1.53945e-17
2.8148e-17
3.33219e-17
3.40391e-17
3.30317e-17
3.238e-17
3.18423e-17
3.14653e-17
3.12548e-17
3.11274e-17
3.10809e-17
3.11086e-17
3.11883e-17
3.13121e-17
3.15179e-17
3.1312e-17
3.11752e-17
3.10945e-17
3.10779e-17
3.11255e-17
3.12548e-17
3.14706e-17
3.18194e-17
3.23903e-17
3.3056e-17
3.3985e-17
3.45738e-17
2.9049e-17
1.52564e-17
8.02316e-18
4.84118e-18
3.58846e-18
5.70832e-18
6.96127e-18
8.90087e-18
1.48252e-17
2.74465e-17
3.39559e-17
3.40291e-17
3.32299e-17
3.26124e-17
3.197e-17
3.15576e-17
3.12856e-17
3.10988e-17
3.10121e-17
3.09945e-17
3.10277e-17
3.11208e-17
3.12573e-17
3.13359e-17
3.11698e-17
3.1059e-17
3.09936e-17
3.09939e-17
3.10595e-17
3.12129e-17
3.14894e-17
3.18124e-17
3.24373e-17
3.30462e-17
3.39345e-17
3.45762e-17
3.01098e-17
1.87503e-17
1.06521e-17
7.52434e-18
6.34862e-18
6.03913e-18
8.06273e-18
1.21591e-17
2.1719e-17
3.22425e-17
3.44677e-17
3.37429e-17
3.27617e-17
3.21877e-17
3.17378e-17
3.14092e-17
3.11556e-17
3.1041e-17
3.09919e-17
3.10098e-17
3.10755e-17
3.12101e-17
3.1405e-17
3.12177e-17
3.10802e-17
3.10224e-17
3.09905e-17
3.1036e-17
3.115e-17
3.1386e-17
3.1675e-17
3.21578e-17
3.27738e-17
3.37059e-17
3.42706e-17
3.26636e-17
2.3036e-17
1.26496e-17
8.47843e-18
5.98387e-18
1.20577e-17
1.32917e-17
1.70387e-17
2.59172e-17
3.29412e-17
3.44197e-17
3.37352e-17
3.294e-17
3.23156e-17
3.17654e-17
3.14725e-17
3.11859e-17
3.10436e-17
3.0964e-17
3.09512e-17
3.09923e-17
3.10833e-17
3.12124e-17
3.12783e-17
3.11337e-17
3.10133e-17
3.09573e-17
3.09507e-17
3.10115e-17
3.11199e-17
3.13562e-17
3.16697e-17
3.21413e-17
3.2712e-17
3.34851e-17
3.42994e-17
3.43174e-17
2.83072e-17
2.06089e-17
1.45447e-17
1.19091e-17
1.19149e-17
1.5992e-17
2.20216e-17
3.05194e-17
3.42417e-17
3.4083e-17
3.31785e-17
3.25705e-17
3.19515e-17
3.15615e-17
3.12831e-17
3.10787e-17
3.09889e-17
3.09477e-17
3.097e-17
3.10408e-17
3.11558e-17
3.1317e-17
3.11735e-17
3.10434e-17
3.09776e-17
3.09514e-17
3.09839e-17
3.10816e-17
3.12477e-17
3.15441e-17
3.19123e-17
3.24859e-17
3.32147e-17
3.40097e-17
3.44145e-17
3.08887e-17
2.27473e-17
1.48258e-17
1.17617e-17
2.24377e-17
2.50131e-17
3.02528e-17
3.30532e-17
3.48429e-17
3.41086e-17
3.3243e-17
3.25863e-17
3.20108e-17
3.15966e-17
3.13356e-17
3.11172e-17
3.10107e-17
3.09604e-17
3.09675e-17
3.10081e-17
3.11104e-17
3.12066e-17
3.12844e-17
3.11393e-17
3.10368e-17
3.09719e-17
3.09571e-17
3.09836e-17
3.10811e-17
3.12388e-17
3.14993e-17
3.18565e-17
3.2273e-17
3.29496e-17
3.38299e-17
3.446e-17
3.39228e-17
3.12646e-17
2.71945e-17
2.54822e-17
2.47199e-17
2.76986e-17
3.17654e-17
3.46332e-17
3.42627e-17
3.36233e-17
3.27951e-17
3.22326e-17
3.17694e-17
3.14074e-17
3.11866e-17
3.10371e-17
3.097e-17
3.09553e-17
3.09949e-17
3.10649e-17
3.11759e-17
3.13371e-17
3.1181e-17
3.10636e-17
3.09922e-17
3.09553e-17
3.0962e-17
3.10363e-17
3.1175e-17
3.14124e-17
3.17126e-17
3.21688e-17
3.27816e-17
3.34818e-17
3.42161e-17
3.43355e-17
3.33083e-17
2.89955e-17
2.53923e-17
3.44012e-17
3.43222e-17
3.41173e-17
3.3822e-17
3.39077e-17
3.32491e-17
3.26883e-17
3.21537e-17
3.17557e-17
3.14539e-17
3.12169e-17
3.10877e-17
3.10231e-17
3.10084e-17
3.10454e-17
3.11011e-17
3.11965e-17
3.13286e-17
3.13639e-17
3.1242e-17
3.11335e-17
3.10544e-17
3.10135e-17
3.10089e-17
3.1065e-17
3.11887e-17
3.13623e-17
3.16656e-17
3.20285e-17
3.25111e-17
3.30021e-17
3.3812e-17
3.43711e-17
3.42731e-17
3.37408e-17
3.37506e-17
3.40764e-17
3.40522e-17
3.40722e-17
3.3897e-17
3.34439e-17
3.28868e-17
3.23421e-17
3.19076e-17
3.15632e-17
3.12944e-17
3.1123e-17
3.10388e-17
3.10102e-17
3.10285e-17
3.10776e-17
3.11642e-17
3.12857e-17
3.14058e-17
3.12782e-17
3.11587e-17
3.1079e-17
3.10216e-17
3.10089e-17
3.10406e-17
3.11207e-17
3.12989e-17
3.15059e-17
3.18526e-17
3.23212e-17
3.27995e-17
3.34664e-17
3.40469e-17
3.42209e-17
3.45558e-17
3.33603e-17
3.42233e-17
3.43189e-17
3.38043e-17
3.36385e-17
3.31043e-17
3.25953e-17
3.21971e-17
3.18244e-17
3.15456e-17
3.13049e-17
3.11767e-17
3.1111e-17
3.10881e-17
3.11132e-17
3.11888e-17
3.12652e-17
3.13867e-17
3.15065e-17
3.15543e-17
3.14226e-17
3.13307e-17
3.12365e-17
3.11387e-17
3.11016e-17
3.10972e-17
3.11488e-17
3.12618e-17
3.14674e-17
3.17383e-17
3.20498e-17
3.25048e-17
3.29161e-17
3.34835e-17
3.39242e-17
3.39714e-17
3.41248e-17
3.41922e-17
3.39532e-17
3.36591e-17
3.33518e-17
3.28272e-17
3.23343e-17
3.19384e-17
3.16571e-17
3.13756e-17
3.12217e-17
3.11202e-17
3.1088e-17
3.11098e-17
3.11594e-17
3.12507e-17
3.13348e-17
3.14561e-17
3.15801e-17
3.14892e-17
3.13687e-17
3.12586e-17
3.11529e-17
3.11109e-17
3.10919e-17
3.11191e-17
3.12029e-17
3.13666e-17
3.16123e-17
3.19216e-17
3.23689e-17
3.27731e-17
3.32136e-17
3.35459e-17
3.40227e-17
3.39897e-17
3.33311e-17
3.31816e-17
3.30324e-17
3.2758e-17
3.24479e-17
3.21378e-17
3.17738e-17
3.15282e-17
3.13505e-17
3.12299e-17
3.11709e-17
3.11809e-17
3.12073e-17
3.13241e-17
3.14751e-17
3.15742e-17
3.16572e-17
3.18299e-17
3.18505e-17
3.17407e-17
3.16644e-17
3.14724e-17
3.1359e-17
3.12552e-17
3.11832e-17
3.11616e-17
3.11967e-17
3.12798e-17
3.14706e-17
3.17061e-17
3.19894e-17
3.23001e-17
3.26361e-17
3.28503e-17
3.32017e-17
3.32557e-17
3.32514e-17
3.31143e-17
3.27709e-17
3.24994e-17
3.22212e-17
3.18824e-17
3.16346e-17
3.14135e-17
3.12628e-17
3.11857e-17
3.11716e-17
3.12015e-17
3.1287e-17
3.14e-17
3.15046e-17
3.16731e-17
3.1755e-17
3.18785e-17
3.17832e-17
3.16703e-17
3.15187e-17
3.1408e-17
3.12944e-17
3.12045e-17
3.11658e-17
3.11779e-17
3.12522e-17
3.13939e-17
3.15864e-17
3.18803e-17
3.21476e-17
3.24616e-17
3.28568e-17
3.30728e-17
3.32412e-17
3.25412e-17
3.24386e-17
3.22529e-17
3.21629e-17
3.1928e-17
3.16796e-17
3.14898e-17
3.13132e-17
3.12491e-17
3.12e-17
3.12381e-17
3.13202e-17
3.14511e-17
3.15983e-17
3.17928e-17
3.19853e-17
3.21098e-17
3.23313e-17
3.23652e-17
3.21763e-17
3.2022e-17
3.18637e-17
3.16307e-17
3.14484e-17
3.13277e-17
3.12555e-17
3.12089e-17
3.12197e-17
3.12739e-17
3.14184e-17
3.15911e-17
3.18179e-17
3.20571e-17
3.22642e-17
3.24158e-17
3.2533e-17
3.25202e-17
3.23626e-17
3.21856e-17
3.19698e-17
3.17631e-17
3.15377e-17
3.13819e-17
3.12647e-17
3.12118e-17
3.12094e-17
3.12677e-17
3.13705e-17
3.15502e-17
3.17608e-17
3.1905e-17
3.2033e-17
3.22804e-17
3.23211e-17
3.22445e-17
3.21109e-17
3.19215e-17
3.17417e-17
3.15713e-17
3.13861e-17
3.12704e-17
3.12075e-17
3.12063e-17
3.12418e-17
3.1378e-17
3.15121e-17
3.16958e-17
3.19473e-17
3.21659e-17
3.24009e-17
3.25407e-17
3.20384e-17
3.19482e-17
3.18053e-17
3.16448e-17
3.15117e-17
3.13791e-17
3.12651e-17
3.11949e-17
3.11878e-17
3.12332e-17
3.13257e-17
3.15339e-17
3.17477e-17
3.20179e-17
3.23324e-17
3.25392e-17
3.27712e-17
3.29246e-17
3.29907e-17
3.27925e-17
3.27422e-17
3.23755e-17
3.21078e-17
3.18092e-17
3.15768e-17
3.13797e-17
3.12702e-17
3.11929e-17
3.11923e-17
3.1241e-17
3.13401e-17
3.14476e-17
3.15858e-17
3.17546e-17
3.19066e-17
3.19852e-17
3.19863e-17
3.18176e-17
3.17359e-17
3.15862e-17
3.14276e-17
3.13059e-17
3.12199e-17
3.11836e-17
3.12053e-17
3.12917e-17
3.14429e-17
3.16303e-17
3.19301e-17
3.22088e-17
3.24224e-17
3.27442e-17
3.29766e-17
3.29513e-17
3.2877e-17
3.27186e-17
3.24804e-17
3.22082e-17
3.18828e-17
3.16542e-17
3.14386e-17
3.13085e-17
3.12137e-17
3.11828e-17
3.12221e-17
3.1302e-17
3.14369e-17
3.15942e-17
3.16874e-17
3.1824e-17
3.19658e-17
3.17072e-17
3.15787e-17
3.14543e-17
3.13601e-17
3.12348e-17
3.11723e-17
3.11211e-17
3.11254e-17
3.11914e-17
3.13201e-17
3.15198e-17
3.1798e-17
3.21481e-17
3.25232e-17
3.29275e-17
3.33102e-17
3.37708e-17
3.37088e-17
3.38573e-17
3.3747e-17
3.35458e-17
3.29884e-17
3.26783e-17
3.22347e-17
3.19418e-17
3.16251e-17
3.13751e-17
3.12379e-17
3.11383e-17
3.11177e-17
3.11298e-17
3.12185e-17
3.12919e-17
3.14246e-17
3.1553e-17
3.16331e-17
3.16165e-17
3.15116e-17
3.13623e-17
3.12737e-17
3.11774e-17
3.11383e-17
3.11223e-17
3.11623e-17
3.12575e-17
3.1468e-17
3.17056e-17
3.20201e-17
3.24349e-17
3.27485e-17
3.32284e-17
3.364e-17
3.36617e-17
3.37755e-17
3.37201e-17
3.35567e-17
3.31757e-17
3.28334e-17
3.24001e-17
3.20307e-17
3.17473e-17
3.14703e-17
3.12782e-17
3.11696e-17
3.11206e-17
3.11339e-17
3.11863e-17
3.12634e-17
3.13715e-17
3.14982e-17
3.16299e-17
3.14579e-17
3.13476e-17
3.12299e-17
3.11231e-17
3.1078e-17
3.10389e-17
3.10507e-17
3.11083e-17
3.12686e-17
3.14682e-17
3.17489e-17
3.21839e-17
3.2684e-17
3.32289e-17
3.36013e-17
3.41797e-17
3.42753e-17
3.39012e-17
3.43046e-17
3.44677e-17
3.44222e-17
3.37702e-17
3.33785e-17
3.28549e-17
3.22781e-17
3.19106e-17
3.15772e-17
3.132e-17
3.11509e-17
3.1067e-17
3.10335e-17
3.10512e-17
3.11043e-17
3.1208e-17
3.12964e-17
3.1421e-17
3.1405e-17
3.12458e-17
3.11577e-17
3.10906e-17
3.10436e-17
3.10424e-17
3.10866e-17
3.12174e-17
3.13966e-17
3.16387e-17
3.20485e-17
3.24847e-17
3.29935e-17
3.35078e-17
3.4041e-17
3.43855e-17
3.43815e-17
3.47987e-17
3.44285e-17
3.4442e-17
3.39643e-17
3.35332e-17
3.30161e-17
3.25054e-17
3.20924e-17
3.16986e-17
3.14012e-17
3.12108e-17
3.10938e-17
3.10398e-17
3.10501e-17
3.10863e-17
3.11463e-17
3.1264e-17
3.13715e-17
3.13569e-17
3.12123e-17
3.10893e-17
3.10101e-17
3.09729e-17
3.09753e-17
3.10379e-17
3.11616e-17
3.13709e-17
3.1692e-17
3.21313e-17
3.25832e-17
3.32221e-17
3.395e-17
3.44102e-17
3.44191e-17
3.15569e-17
3.02393e-17
3.01698e-17
3.1119e-17
3.27883e-17
3.46343e-17
3.40961e-17
3.34711e-17
3.28908e-17
3.21636e-17
3.17848e-17
3.14507e-17
3.1214e-17
3.1066e-17
3.09866e-17
3.09746e-17
3.09991e-17
3.10565e-17
3.11546e-17
3.1307e-17
3.12607e-17
3.11112e-17
3.10415e-17
3.09815e-17
3.09679e-17
3.10099e-17
3.11065e-17
3.12794e-17
3.15131e-17
3.19009e-17
3.23927e-17
3.2945e-17
3.35611e-17
3.42142e-17
3.4083e-17
3.32044e-17
2.95408e-17
2.94376e-17
3.094e-17
3.28381e-17
3.43446e-17
3.42497e-17
3.37805e-17
3.29973e-17
3.24216e-17
3.19352e-17
3.1555e-17
3.12875e-17
3.11077e-17
3.10145e-17
3.09762e-17
3.09839e-17
3.10357e-17
3.11228e-17
3.12258e-17
3.1323e-17
3.11748e-17
3.10416e-17
3.09743e-17
3.0947e-17
3.09758e-17
3.10566e-17
3.12516e-17
3.15052e-17
3.18601e-17
3.23652e-17
3.29841e-17
3.38236e-17
3.41049e-17
3.32401e-17
2.862e-17
2.06927e-17
1.57436e-17
1.56457e-17
1.80251e-17
2.48426e-17
2.9789e-17
3.41659e-17
3.4206e-17
3.32689e-17
3.25392e-17
3.19985e-17
3.15961e-17
3.13197e-17
3.11197e-17
3.09958e-17
3.09476e-17
3.09567e-17
3.1021e-17
3.11182e-17
3.12665e-17
3.1219e-17
3.108e-17
3.09936e-17
3.09498e-17
3.09586e-17
3.1028e-17
3.11606e-17
3.13798e-17
3.1731e-17
3.2241e-17
3.27587e-17
3.35704e-17
3.41568e-17
3.37556e-17
2.94248e-17
2.14503e-17
1.63409e-17
1.53254e-17
1.72913e-17
2.02779e-17
2.65445e-17
3.38713e-17
3.43305e-17
3.36024e-17
3.28746e-17
3.22334e-17
3.17631e-17
3.13957e-17
3.11706e-17
3.10343e-17
3.0957e-17
3.09455e-17
3.09951e-17
3.10738e-17
3.12099e-17
3.13825e-17
3.11899e-17
3.10653e-17
3.09988e-17
3.09686e-17
3.10214e-17
3.11218e-17
3.13333e-17
3.16476e-17
3.21191e-17
3.26968e-17
3.34611e-17
3.42794e-17
3.37133e-17
2.80457e-17
1.60348e-17
1.02888e-17
7.7183e-18
7.30299e-18
9.53054e-18
1.32032e-17
2.18999e-17
3.18639e-17
3.3835e-17
3.39002e-17
3.29661e-17
3.22633e-17
3.17669e-17
3.1431e-17
3.1206e-17
3.10485e-17
3.09823e-17
3.09747e-17
3.10318e-17
3.11399e-17
3.13052e-17
3.12555e-17
3.10988e-17
3.10076e-17
3.09666e-17
3.09829e-17
3.10766e-17
3.12397e-17
3.15322e-17
3.19816e-17
3.25396e-17
3.3214e-17
3.39139e-17
3.44925e-17
2.97625e-17
1.89591e-17
1.15358e-17
8.44678e-18
7.07868e-18
8.47553e-18
1.12705e-17
1.82301e-17
2.92647e-17
3.39298e-17
3.4036e-17
3.31875e-17
3.24499e-17
3.19183e-17
3.15121e-17
3.12609e-17
3.10877e-17
3.09914e-17
3.09699e-17
3.10045e-17
3.10974e-17
3.12126e-17
3.14907e-17
3.12742e-17
3.11359e-17
3.10622e-17
3.10455e-17
3.10858e-17
3.12108e-17
3.1464e-17
3.18027e-17
3.22773e-17
3.30147e-17
3.3907e-17
3.45141e-17
2.99168e-17
1.69615e-17
9.34874e-18
6.02585e-18
4.3667e-18
4.05432e-18
5.13836e-18
8.02688e-18
1.37315e-17
2.65992e-17
3.35625e-17
3.40912e-17
3.32385e-17
3.25589e-17
3.2e-17
3.15664e-17
3.12795e-17
3.11166e-17
3.10503e-17
3.10444e-17
3.11091e-17
3.12373e-17
3.13857e-17
3.13535e-17
3.11724e-17
3.10789e-17
3.10434e-17
3.10744e-17
3.11532e-17
3.1362e-17
3.16387e-17
3.20832e-17
3.27324e-17
3.36381e-17
3.41861e-17
3.28938e-17
2.27659e-17
1.16336e-17
6.41278e-18
4.70065e-18
4.09548e-18
4.56969e-18
6.64825e-18
1.10053e-17
1.97897e-17
3.23751e-17
3.41723e-17
3.35425e-17
3.27842e-17
3.21594e-17
3.16773e-17
3.1364e-17
3.11615e-17
3.10653e-17
3.10378e-17
3.10739e-17
3.11759e-17
3.13285e-17
3.16512e-17
3.14352e-17
3.12742e-17
3.11727e-17
3.11665e-17
3.12054e-17
3.13151e-17
3.15469e-17
3.19129e-17
3.24459e-17
3.32208e-17
3.4058e-17
3.41327e-17
2.54236e-17
1.31044e-17
6.56752e-18
3.81956e-18
2.72579e-18
2.54679e-18
3.35936e-18
5.53355e-18
9.59923e-18
2.00415e-17
3.18231e-17
3.4356e-17
3.34907e-17
3.26625e-17
3.2093e-17
3.16889e-17
3.13989e-17
3.12332e-17
3.11632e-17
3.11675e-17
3.12281e-17
3.13559e-17
3.15732e-17
3.14887e-17
3.12953e-17
3.11978e-17
3.11535e-17
3.11844e-17
3.12652e-17
3.14683e-17
3.17289e-17
3.22178e-17
3.28741e-17
3.37723e-17
3.43611e-17
3.06404e-17
1.65588e-17
8.17432e-18
4.8317e-18
3.02519e-18
2.50728e-18
2.8978e-18
4.51584e-18
7.78629e-18
1.71193e-17
2.79758e-17
3.4882e-17
3.38818e-17
3.28654e-17
3.22601e-17
3.17929e-17
3.14667e-17
3.12629e-17
3.11753e-17
3.11554e-17
3.12007e-17
3.13239e-17
3.14629e-17
3.18563e-17
3.16235e-17
3.14813e-17
3.13528e-17
3.13436e-17
3.13516e-17
3.14681e-17
3.16707e-17
3.20582e-17
3.25324e-17
3.33022e-17
3.41719e-17
3.37379e-17
2.44184e-17
1.20015e-17
5.84578e-18
3.39553e-18
2.32629e-18
2.09778e-18
2.84683e-18
4.97882e-18
8.92211e-18
1.95074e-17
3.15847e-17
3.44982e-17
3.35948e-17
3.27694e-17
3.21878e-17
3.17888e-17
3.15253e-17
3.13704e-17
3.13393e-17
3.13536e-17
3.14283e-17
3.15743e-17
3.17569e-17
3.16968e-17
3.15318e-17
3.14047e-17
3.13334e-17
3.13308e-17
3.14079e-17
3.15871e-17
3.19105e-17
3.2374e-17
3.29578e-17
3.39603e-17
3.46309e-17
2.92652e-17
1.42799e-17
7.61714e-18
4.15319e-18
2.51459e-18
2.04524e-18
2.41688e-18
4.12369e-18
7.11503e-18
1.45264e-17
2.83844e-17
3.46197e-17
3.39081e-17
3.30407e-17
3.23635e-17
3.19252e-17
3.16055e-17
3.1423e-17
3.1364e-17
3.13384e-17
3.14018e-17
3.1506e-17
3.16731e-17
3.16602e-17
3.14373e-17
3.12941e-17
3.11965e-17
3.11697e-17
3.12164e-17
3.13151e-17
3.15469e-17
3.1945e-17
3.24537e-17
3.32208e-17
3.40569e-17
3.40871e-17
2.64171e-17
1.28691e-17
6.58659e-18
3.81956e-18
2.71957e-18
2.46632e-18
3.25016e-18
5.46789e-18
9.61984e-18
2.00415e-17
3.22729e-17
3.43736e-17
3.3518e-17
3.27199e-17
3.2093e-17
3.1676e-17
3.14041e-17
3.12368e-17
3.11789e-17
3.11721e-17
3.12512e-17
3.13988e-17
3.15818e-17
3.14973e-17
3.13452e-17
3.12013e-17
3.11953e-17
3.11844e-17
3.12705e-17
3.14683e-17
3.17641e-17
3.23109e-17
3.28712e-17
3.37723e-17
3.44422e-17
3.06404e-17
1.64186e-17
8.68572e-18
4.60212e-18
2.95243e-18
2.50728e-18
2.8978e-18
4.40595e-18
7.95763e-18
1.65982e-17
2.72462e-17
3.45785e-17
3.3936e-17
3.29911e-17
3.22698e-17
3.17891e-17
3.14667e-17
3.12705e-17
3.11895e-17
3.11659e-17
3.12147e-17
3.13238e-17
3.14969e-17
3.14907e-17
3.12776e-17
3.11484e-17
3.10664e-17
3.1049e-17
3.10939e-17
3.12109e-17
3.14464e-17
3.18027e-17
3.23138e-17
3.29491e-17
3.39422e-17
3.44682e-17
3.01645e-17
1.67094e-17
8.53893e-18
5.70681e-18
4.1316e-18
3.82297e-18
4.83256e-18
7.57154e-18
1.32069e-17
2.42276e-17
3.35625e-17
3.42527e-17
3.32385e-17
3.25589e-17
3.19798e-17
3.15664e-17
3.12896e-17
3.11301e-17
3.10581e-17
3.10499e-17
3.11091e-17
3.12373e-17
3.13838e-17
3.13535e-17
3.11847e-17
3.10944e-17
3.10459e-17
3.10744e-17
3.11553e-17
3.1362e-17
3.16713e-17
3.20951e-17
3.28574e-17
3.36381e-17
3.42226e-17
3.25036e-17
2.27659e-17
1.16336e-17
6.40385e-18
4.5898e-18
3.86159e-18
4.56969e-18
6.23873e-18
1.10053e-17
1.90876e-17
3.24598e-17
3.39685e-17
3.35844e-17
3.28152e-17
3.21585e-17
3.16959e-17
3.1385e-17
3.11993e-17
3.10653e-17
3.10429e-17
3.10871e-17
3.11759e-17
3.13285e-17
3.13825e-17
3.11773e-17
3.10653e-17
3.09985e-17
3.09725e-17
3.10301e-17
3.11331e-17
3.13371e-17
3.16703e-17
3.21455e-17
3.27288e-17
3.35773e-17
3.4312e-17
3.40648e-17
2.80457e-17
1.42361e-17
1.02888e-17
7.10287e-18
7.30299e-18
8.13792e-18
1.19987e-17
2.12227e-17
3.18639e-17
3.38945e-17
3.38295e-17
3.29661e-17
3.22886e-17
3.18062e-17
3.1431e-17
3.11951e-17
3.10512e-17
3.09862e-17
3.09762e-17
3.10318e-17
3.11399e-17
3.13052e-17
3.12555e-17
3.11072e-17
3.1013e-17
3.09792e-17
3.09899e-17
3.10825e-17
3.1238e-17
3.15292e-17
3.19695e-17
3.25396e-17
3.3214e-17
3.40022e-17
3.44925e-17
2.86134e-17
1.82294e-17
1.15358e-17
8.44678e-18
7.07868e-18
7.78972e-18
1.0879e-17
1.76656e-17
2.76388e-17
3.39298e-17
3.4036e-17
3.31875e-17
3.24499e-17
3.19183e-17
3.15448e-17
3.12786e-17
3.11054e-17
3.09991e-17
3.09736e-17
3.10085e-17
3.10899e-17
3.12613e-17
3.13397e-17
3.11701e-17
3.10416e-17
3.09743e-17
3.09469e-17
3.09757e-17
3.10624e-17
3.12506e-17
3.15052e-17
3.18672e-17
3.23652e-17
3.308e-17
3.38236e-17
3.41284e-17
3.32462e-17
2.65662e-17
1.87975e-17
1.53194e-17
1.52509e-17
1.77619e-17
2.48426e-17
2.98431e-17
3.41659e-17
3.4211e-17
3.32683e-17
3.27239e-17
3.20338e-17
3.15985e-17
3.13197e-17
3.11217e-17
3.09978e-17
3.09487e-17
3.09541e-17
3.10134e-17
3.11182e-17
3.12665e-17
3.1219e-17
3.108e-17
3.09936e-17
3.09498e-17
3.09556e-17
3.10298e-17
3.11606e-17
3.13798e-17
3.17408e-17
3.22178e-17
3.28178e-17
3.35879e-17
3.43688e-17
3.36838e-17
2.94248e-17
2.14503e-17
1.6288e-17
1.50444e-17
1.6693e-17
2.02779e-17
2.64808e-17
3.38713e-17
3.44212e-17
3.36453e-17
3.2982e-17
3.22503e-17
3.17729e-17
3.14447e-17
3.11632e-17
3.10337e-17
3.09621e-17
3.09446e-17
3.09927e-17
3.10734e-17
3.12088e-17
3.13547e-17
3.12086e-17
3.10893e-17
3.10005e-17
3.09712e-17
3.09745e-17
3.10356e-17
3.11563e-17
3.13687e-17
3.17006e-17
3.21062e-17
3.26299e-17
3.33331e-17
3.395e-17
3.44728e-17
3.41279e-17
3.15569e-17
2.98416e-17
2.85717e-17
3.0793e-17
3.22656e-17
3.46084e-17
3.40961e-17
3.34711e-17
3.28724e-17
3.23457e-17
3.18047e-17
3.14603e-17
3.12159e-17
3.1066e-17
3.09864e-17
3.09662e-17
3.0989e-17
3.10565e-17
3.11546e-17
3.12887e-17
3.12638e-17
3.11103e-17
3.10339e-17
3.09815e-17
3.0964e-17
3.10083e-17
3.11089e-17
3.12925e-17
3.15243e-17
3.19195e-17
3.24282e-17
3.29728e-17
3.36437e-17
3.4282e-17
3.40123e-17
3.22244e-17
2.84675e-17
2.76783e-17
3.094e-17
3.28381e-17
3.43446e-17
3.42751e-17
3.38264e-17
3.30166e-17
3.24855e-17
3.19352e-17
3.15947e-17
3.12969e-17
3.11174e-17
3.10101e-17
3.09717e-17
3.09804e-17
3.10349e-17
3.11051e-17
3.12336e-17
3.14539e-17
3.13394e-17
3.12119e-17
3.11231e-17
3.10443e-17
3.10301e-17
3.10433e-17
3.11203e-17
3.12692e-17
3.14682e-17
3.17796e-17
3.22145e-17
3.27106e-17
3.32289e-17
3.36569e-17
3.41416e-17
3.42753e-17
3.37478e-17
3.44479e-17
3.45412e-17
3.44222e-17
3.38445e-17
3.33785e-17
3.28549e-17
3.22985e-17
3.19102e-17
3.15811e-17
3.1327e-17
3.11601e-17
3.10687e-17
3.10282e-17
3.10512e-17
3.11043e-17
3.11958e-17
3.12733e-17
3.13965e-17
3.1405e-17
3.12458e-17
3.11577e-17
3.10906e-17
3.10406e-17
3.10337e-17
3.1087e-17
3.12204e-17
3.13964e-17
3.16683e-17
3.20485e-17
3.2563e-17
3.29935e-17
3.35078e-17
3.40995e-17
3.43855e-17
3.36876e-17
3.47987e-17
3.45485e-17
3.4442e-17
3.38665e-17
3.35435e-17
3.30493e-17
3.25592e-17
3.20924e-17
3.16986e-17
3.14541e-17
3.12115e-17
3.10916e-17
3.10388e-17
3.10421e-17
3.10722e-17
3.11408e-17
3.12386e-17
3.13547e-17
3.16753e-17
3.15468e-17
3.14536e-17
3.13007e-17
3.12348e-17
3.11574e-17
3.11128e-17
3.11254e-17
3.12011e-17
3.13364e-17
3.15595e-17
3.18316e-17
3.21638e-17
3.26148e-17
3.30285e-17
3.33925e-17
3.37994e-17
3.37388e-17
3.38999e-17
3.38114e-17
3.35458e-17
3.31564e-17
3.26849e-17
3.2366e-17
3.19418e-17
3.16251e-17
3.14114e-17
3.12423e-17
3.11383e-17
3.11134e-17
3.11298e-17
3.12111e-17
3.12796e-17
3.1426e-17
3.15097e-17
3.16331e-17
3.15872e-17
3.14881e-17
3.13666e-17
3.12544e-17
3.11649e-17
3.1121e-17
3.11112e-17
3.11694e-17
3.12742e-17
3.1468e-17
3.17447e-17
3.20526e-17
3.24834e-17
3.28306e-17
3.32642e-17
3.36771e-17
3.37427e-17
3.38874e-17
3.38348e-17
3.3671e-17
3.31757e-17
3.28985e-17
3.24945e-17
3.20307e-17
3.17501e-17
3.14723e-17
3.12902e-17
3.11698e-17
3.11182e-17
3.11236e-17
3.117e-17
3.12473e-17
3.13715e-17
3.14695e-17
3.15968e-17
3.20384e-17
3.19226e-17
3.18053e-17
3.16448e-17
3.1472e-17
3.13529e-17
3.12585e-17
3.11932e-17
3.11861e-17
3.1242e-17
3.13652e-17
3.15339e-17
3.1774e-17
3.20204e-17
3.23631e-17
3.25392e-17
3.28299e-17
3.29863e-17
3.30491e-17
3.28367e-17
3.27422e-17
3.24847e-17
3.21636e-17
3.18435e-17
3.15768e-17
3.14043e-17
3.12776e-17
3.11929e-17
3.11842e-17
3.12397e-17
3.13265e-17
3.14363e-17
3.15658e-17
3.17336e-17
3.18574e-17
3.19852e-17
3.19547e-17
3.18176e-17
3.17359e-17
3.15377e-17
3.14276e-17
3.12834e-17
3.12077e-17
3.11836e-17
3.12069e-17
3.13083e-17
3.14698e-17
3.17432e-17
3.19504e-17
3.22429e-17
3.25371e-17
3.27668e-17
3.29766e-17
3.30374e-17
3.29924e-17
3.27935e-17
3.25378e-17
3.22431e-17
3.19605e-17
3.1695e-17
3.14588e-17
3.13085e-17
3.12137e-17
3.11781e-17
3.12221e-17
3.12576e-17
3.13981e-17
3.1564e-17
3.16874e-17
3.17601e-17
3.19658e-17
3.2509e-17
3.24386e-17
3.22435e-17
3.20977e-17
3.18642e-17
3.16796e-17
3.14681e-17
3.13132e-17
3.12326e-17
3.12005e-17
3.12392e-17
3.13202e-17
3.14554e-17
3.16276e-17
3.18152e-17
3.20314e-17
3.21299e-17
3.23313e-17
3.23827e-17
3.22454e-17
3.20569e-17
3.19222e-17
3.17296e-17
3.14959e-17
3.13535e-17
3.12555e-17
3.12088e-17
3.12201e-17
3.12685e-17
3.14184e-17
3.15838e-17
3.18027e-17
3.20416e-17
3.21819e-17
3.23868e-17
3.2533e-17
3.24825e-17
3.23016e-17
3.21205e-17
3.19703e-17
3.176e-17
3.15258e-17
3.13819e-17
3.12593e-17
3.12072e-17
3.12149e-17
3.12677e-17
3.13858e-17
3.15791e-17
3.17608e-17
3.19844e-17
3.21334e-17
3.22804e-17
3.23955e-17
3.22641e-17
3.21109e-17
3.19694e-17
3.17417e-17
3.15917e-17
3.13976e-17
3.12923e-17
3.12293e-17
3.12063e-17
3.12418e-17
3.13688e-17
3.15121e-17
3.16862e-17
3.19318e-17
3.21659e-17
3.23466e-17
3.24509e-17
3.33132e-17
3.31611e-17
3.30337e-17
3.26895e-17
3.23526e-17
3.21182e-17
3.17682e-17
3.15282e-17
3.13505e-17
3.12243e-17
3.1175e-17
3.11847e-17
3.12186e-17
3.1331e-17
3.14766e-17
3.16089e-17
3.17514e-17
3.18299e-17
3.18653e-17
3.17563e-17
3.16644e-17
3.14987e-17
3.1359e-17
3.12552e-17
3.11881e-17
3.11692e-17
3.11976e-17
3.12798e-17
3.14706e-17
3.17061e-17
3.19894e-17
3.22471e-17
3.2585e-17
3.28503e-17
3.30911e-17
3.31507e-17
3.32514e-17
3.30552e-17
3.27709e-17
3.24588e-17
3.22212e-17
3.18743e-17
3.1615e-17
3.13976e-17
3.12583e-17
3.11823e-17
3.11716e-17
3.12125e-17
3.12863e-17
3.14e-17
3.15609e-17
3.16731e-17
3.1755e-17
3.19355e-17
3.17832e-17
3.16809e-17
3.1521e-17
3.14174e-17
3.12944e-17
3.12131e-17
3.11764e-17
3.11842e-17
3.1244e-17
3.13939e-17
3.15627e-17
3.18498e-17
3.21004e-17
3.24616e-17
3.2833e-17
3.29952e-17
3.32412e-17
3.42233e-17
3.42078e-17
3.37231e-17
3.34794e-17
3.30085e-17
3.2591e-17
3.21222e-17
3.17855e-17
3.151e-17
3.13123e-17
3.11758e-17
3.11108e-17
3.10978e-17
3.11341e-17
3.11888e-17
3.12919e-17
3.1397e-17
3.15326e-17
3.1582e-17
3.14226e-17
3.13307e-17
3.12435e-17
3.11504e-17
3.11077e-17
3.10972e-17
3.11425e-17
3.12514e-17
3.14585e-17
3.17099e-17
3.20779e-17
3.23992e-17
3.29011e-17
3.33075e-17
3.37717e-17
3.39714e-17
3.3994e-17
3.41922e-17
3.3893e-17
3.3686e-17
3.31153e-17
3.27297e-17
3.22968e-17
3.18899e-17
3.15929e-17
3.13756e-17
3.12117e-17
3.11212e-17
3.1095e-17
3.11098e-17
3.11594e-17
3.12507e-17
3.13348e-17
3.14914e-17
3.15801e-17
3.14892e-17
3.13961e-17
3.12649e-17
3.11766e-17
3.11155e-17
3.10919e-17
3.11214e-17
3.12173e-17
3.13433e-17
3.15978e-17
3.18891e-17
3.23596e-17
3.27402e-17
3.32136e-17
3.35459e-17
3.40228e-17
3.39021e-17
3.44769e-17
3.45291e-17
3.42084e-17
3.37974e-17
3.38092e-17
3.32491e-17
3.26295e-17
3.21537e-17
3.17521e-17
3.14539e-17
3.12169e-17
3.10914e-17
3.10282e-17
3.10324e-17
3.10454e-17
3.11108e-17
3.12055e-17
3.13502e-17
3.13803e-17
3.1242e-17
3.11392e-17
3.10599e-17
3.10216e-17
3.10136e-17
3.10631e-17
3.1166e-17
3.13456e-17
3.16239e-17
3.19603e-17
3.24616e-17
3.29494e-17
3.37166e-17
3.42028e-17
3.42778e-17
3.40242e-17
3.40511e-17
3.40764e-17
3.45303e-17
3.39708e-17
3.3897e-17
3.33939e-17
3.28629e-17
3.2288e-17
3.19118e-17
3.1541e-17
3.13043e-17
3.11243e-17
3.10408e-17
3.10102e-17
3.10285e-17
3.10804e-17
3.11642e-17
3.12857e-17
3.14073e-17
3.12862e-17
3.11762e-17
3.10919e-17
3.10216e-17
3.10089e-17
3.10424e-17
3.11211e-17
3.12911e-17
3.15059e-17
3.18622e-17
3.22984e-17
3.27674e-17
3.3471e-17
3.38139e-17
3.41736e-17
3.45558e-17
3.33603e-17
2.42616e-17
2.65846e-17
3.02528e-17
3.3604e-17
3.43916e-17
3.38595e-17
3.32568e-17
3.25358e-17
3.20108e-17
3.16048e-17
3.13221e-17
3.11167e-17
3.10016e-17
3.0963e-17
3.09649e-17
3.10139e-17
3.1108e-17
3.12073e-17
3.12844e-17
3.11434e-17
3.1043e-17
3.09756e-17
3.09571e-17
3.09853e-17
3.10811e-17
3.1238e-17
3.15011e-17
3.18565e-17
3.23281e-17
3.29496e-17
3.38299e-17
3.44456e-17
3.39012e-17
3.1658e-17
2.71945e-17
2.54822e-17
2.47199e-17
2.76986e-17
3.28722e-17
3.45896e-17
3.40664e-17
3.35996e-17
3.27951e-17
3.2136e-17
3.17398e-17
3.14261e-17
3.1181e-17
3.10458e-17
3.097e-17
3.09598e-17
3.09949e-17
3.10618e-17
3.11828e-17
3.13445e-17
3.11873e-17
3.10654e-17
3.09931e-17
3.09592e-17
3.09647e-17
3.10427e-17
3.1175e-17
3.13871e-17
3.17268e-17
3.21453e-17
3.27262e-17
3.34457e-17
3.42161e-17
3.45175e-17
3.34059e-17
2.95245e-17
2.60969e-17
1.20577e-17
1.34349e-17
1.72275e-17
2.59172e-17
3.29412e-17
3.43907e-17
3.37094e-17
3.294e-17
3.23156e-17
3.17668e-17
3.14725e-17
3.11832e-17
3.10436e-17
3.09639e-17
3.09509e-17
3.09858e-17
3.10621e-17
3.12124e-17
3.12783e-17
3.1131e-17
3.10156e-17
3.09581e-17
3.09506e-17
3.09961e-17
3.11099e-17
3.13405e-17
3.16436e-17
3.21067e-17
3.26685e-17
3.33852e-17
3.43633e-17
3.42743e-17
2.87533e-17
2.23123e-17
1.45447e-17
1.19091e-17
1.34076e-17
1.5992e-17
2.23714e-17
3.05194e-17
3.43102e-17
3.40407e-17
3.31785e-17
3.25708e-17
3.19515e-17
3.15523e-17
3.12623e-17
3.10668e-17
3.09864e-17
3.09465e-17
3.09698e-17
3.10408e-17
3.11646e-17
3.1317e-17
3.11713e-17
3.10433e-17
3.09814e-17
3.09501e-17
3.09821e-17
3.10762e-17
3.12435e-17
3.15313e-17
3.19511e-17
3.23975e-17
3.32147e-17
3.40097e-17
3.42418e-17
3.10851e-17
2.43888e-17
1.48258e-17
1.26802e-17
6.11702e-18
6.96127e-18
9.45643e-18
1.51714e-17
2.76582e-17
3.42053e-17
3.40456e-17
3.32188e-17
3.26062e-17
3.197e-17
3.15576e-17
3.12703e-17
3.10994e-17
3.10121e-17
3.09809e-17
3.10224e-17
3.11088e-17
3.12573e-17
3.1341e-17
3.11698e-17
3.10414e-17
3.0993e-17
3.09926e-17
3.10596e-17
3.12105e-17
3.15136e-17
3.18335e-17
3.24373e-17
3.29745e-17
3.39303e-17
3.44776e-17
3.07976e-17
1.8978e-17
1.20486e-17
7.52434e-18
6.34205e-18
6.52475e-18
8.33458e-18
1.25335e-17
2.22362e-17
3.29669e-17
3.45058e-17
3.37429e-17
3.27565e-17
3.21599e-17
3.17378e-17
3.13773e-17
3.11536e-17
3.10277e-17
3.09857e-17
3.10022e-17
3.10755e-17
3.12048e-17
3.14038e-17
3.12177e-17
3.10842e-17
3.10224e-17
3.09854e-17
3.10307e-17
3.115e-17
3.13582e-17
3.16716e-17
3.2118e-17
3.27558e-17
3.37059e-17
3.44033e-17
3.3165e-17
2.28984e-17
1.3199e-17
8.43778e-18
6.52584e-18
3.29543e-18
3.85343e-18
5.61976e-18
9.95024e-18
1.94133e-17
3.26894e-17
3.37381e-17
3.35637e-17
3.27686e-17
3.22004e-17
3.16892e-17
3.13888e-17
3.11917e-17
3.11003e-17
3.10693e-17
3.11303e-17
3.12127e-17
3.13814e-17
3.14526e-17
3.12639e-17
3.11439e-17
3.10881e-17
3.10772e-17
3.115e-17
3.13063e-17
3.15761e-17
3.19358e-17
3.25487e-17
3.32524e-17
3.43e-17
3.34922e-17
2.50584e-17
1.26837e-17
6.88804e-18
4.33776e-18
3.51468e-18
3.65268e-18
4.90743e-18
8.24309e-18
1.54584e-17
2.86061e-17
3.33219e-17
3.39753e-17
3.30182e-17
3.23731e-17
3.1852e-17
3.14653e-17
3.12548e-17
3.11154e-17
3.10809e-17
3.1081e-17
3.11739e-17
3.13121e-17
3.15182e-17
3.1312e-17
3.11752e-17
3.10948e-17
3.10779e-17
3.11255e-17
3.12498e-17
3.14759e-17
3.1829e-17
3.22585e-17
3.30513e-17
3.39477e-17
3.46046e-17
2.95788e-17
1.58361e-17
8.02316e-18
5.08952e-18
3.71272e-18
2.29495e-18
2.84856e-18
4.20434e-18
7.99185e-18
1.60975e-17
2.78703e-17
3.48873e-17
3.38161e-17
3.29552e-17
3.22811e-17
3.18382e-17
3.15118e-17
3.13004e-17
3.1225e-17
3.12129e-17
3.12619e-17
3.13824e-17
3.15477e-17
3.16287e-17
3.14374e-17
3.13152e-17
3.12328e-17
3.12179e-17
3.12803e-17
3.14165e-17
3.17052e-17
3.20574e-17
3.2714e-17
3.35424e-17
3.46083e-17
3.28506e-17
1.90288e-17
1.01411e-17
5.38901e-18
3.05642e-18
2.26106e-18
2.44729e-18
3.51852e-18
6.11226e-18
1.19496e-17
2.28488e-17
3.39338e-17
3.4108e-17
3.32242e-17
3.24896e-17
3.19696e-17
3.1624e-17
3.13844e-17
3.12444e-17
3.12048e-17
3.1231e-17
3.13228e-17
3.14709e-17
3.1713e-17
3.14784e-17
3.13484e-17
3.12396e-17
3.12107e-17
3.12401e-17
3.13636e-17
3.15709e-17
3.1917e-17
3.25175e-17
3.31982e-17
3.41131e-17
3.41096e-17
2.63028e-17
1.26206e-17
6.26192e-18
3.58842e-18
2.53336e-18
